(kicad_pcb (version 20171130) (host pcbnew "(5.1.6-0-10_14)")

  (general
    (thickness 1.6)
    (drawings 14)
    (tracks 171)
    (zones 0)
    (modules 39)
    (nets 30)
  )

  (page A4)
  (layers
    (0 F.Cu signal)
    (31 B.Cu signal)
    (32 B.Adhes user)
    (33 F.Adhes user)
    (34 B.Paste user)
    (35 F.Paste user)
    (36 B.SilkS user)
    (37 F.SilkS user)
    (38 B.Mask user)
    (39 F.Mask user)
    (40 Dwgs.User user)
    (41 Cmts.User user)
    (42 Eco1.User user)
    (43 Eco2.User user)
    (44 Edge.Cuts user)
    (45 Margin user)
    (46 B.CrtYd user)
    (47 F.CrtYd user)
    (48 B.Fab user)
    (49 F.Fab user)
  )

  (setup
    (last_trace_width 0.25)
    (trace_clearance 0.2)
    (zone_clearance 0.508)
    (zone_45_only no)
    (trace_min 0.2)
    (via_size 0.8)
    (via_drill 0.4)
    (via_min_size 0.4)
    (via_min_drill 0.3)
    (uvia_size 0.3)
    (uvia_drill 0.1)
    (uvias_allowed no)
    (uvia_min_size 0.2)
    (uvia_min_drill 0.1)
    (edge_width 0.05)
    (segment_width 0.2)
    (pcb_text_width 0.3)
    (pcb_text_size 1.5 1.5)
    (mod_edge_width 0.12)
    (mod_text_size 1 1)
    (mod_text_width 0.15)
    (pad_size 1.524 1.524)
    (pad_drill 0.762)
    (pad_to_mask_clearance 0.05)
    (aux_axis_origin 0 0)
    (visible_elements FFFFFF7F)
    (pcbplotparams
      (layerselection 0x010fc_ffffffff)
      (usegerberextensions false)
      (usegerberattributes true)
      (usegerberadvancedattributes true)
      (creategerberjobfile true)
      (excludeedgelayer true)
      (linewidth 0.100000)
      (plotframeref false)
      (viasonmask false)
      (mode 1)
      (useauxorigin false)
      (hpglpennumber 1)
      (hpglpenspeed 20)
      (hpglpendiameter 15.000000)
      (psnegative false)
      (psa4output false)
      (plotreference true)
      (plotvalue true)
      (plotinvisibletext false)
      (padsonsilk false)
      (subtractmaskfromsilk false)
      (outputformat 1)
      (mirror false)
      (drillshape 0)
      (scaleselection 1)
      (outputdirectory "gerbers/"))
  )

  (net 0 "")
  (net 1 +12V)
  (net 2 GND)
  (net 3 -12V)
  (net 4 "Net-(C12-Pad2)")
  (net 5 "Net-(C12-Pad1)")
  (net 6 +5V)
  (net 7 -5V)
  (net 8 "Net-(J1-Pad1)")
  (net 9 "Net-(J2-Pad1)")
  (net 10 "Net-(J3-Pad1)")
  (net 11 "Net-(J5-Pad1)")
  (net 12 "Net-(R2-Pad2)")
  (net 13 "Net-(R4-Pad1)")
  (net 14 "Net-(R7-Pad1)")
  (net 15 "Net-(R8-Pad1)")
  (net 16 "Net-(R11-Pad1)")
  (net 17 "Net-(R10-Pad2)")
  (net 18 "Net-(R10-Pad1)")
  (net 19 "Net-(U1-Pad8)")
  (net 20 "Net-(U1-Pad5)")
  (net 21 "Net-(U1-Pad1)")
  (net 22 "Net-(U2-Pad1)")
  (net 23 "Net-(U2-Pad5)")
  (net 24 "Net-(U2-Pad8)")
  (net 25 "Net-(U3-Pad1)")
  (net 26 "Net-(U3-Pad5)")
  (net 27 "Net-(U3-Pad8)")
  (net 28 -12T)
  (net 29 +12T)

  (net_class Default "This is the default net class."
    (clearance 0.2)
    (trace_width 0.25)
    (via_dia 0.8)
    (via_drill 0.4)
    (uvia_dia 0.3)
    (uvia_drill 0.1)
    (add_net +12T)
    (add_net +12V)
    (add_net +5V)
    (add_net -12T)
    (add_net -12V)
    (add_net -5V)
    (add_net GND)
    (add_net "Net-(C12-Pad1)")
    (add_net "Net-(C12-Pad2)")
    (add_net "Net-(J1-Pad1)")
    (add_net "Net-(J2-Pad1)")
    (add_net "Net-(J3-Pad1)")
    (add_net "Net-(J5-Pad1)")
    (add_net "Net-(R10-Pad1)")
    (add_net "Net-(R10-Pad2)")
    (add_net "Net-(R11-Pad1)")
    (add_net "Net-(R2-Pad2)")
    (add_net "Net-(R4-Pad1)")
    (add_net "Net-(R7-Pad1)")
    (add_net "Net-(R8-Pad1)")
    (add_net "Net-(U1-Pad1)")
    (add_net "Net-(U1-Pad5)")
    (add_net "Net-(U1-Pad8)")
    (add_net "Net-(U2-Pad1)")
    (add_net "Net-(U2-Pad5)")
    (add_net "Net-(U2-Pad8)")
    (add_net "Net-(U3-Pad1)")
    (add_net "Net-(U3-Pad5)")
    (add_net "Net-(U3-Pad8)")
  )

  (module Capacitor_SMD:C_0805_2012Metric (layer F.Cu) (tedit 5B36C52B) (tstamp 5F4B1E93)
    (at 0 140 90)
    (descr "Capacitor SMD 0805 (2012 Metric), square (rectangular) end terminal, IPC_7351 nominal, (Body size source: https://docs.google.com/spreadsheets/d/1BsfQQcO9C6DZCsRaXUlFlo91Tg2WpOkGARC1WS5S8t0/edit?usp=sharing), generated with kicad-footprint-generator")
    (tags capacitor)
    (path /5F3ECC2A)
    (attr smd)
    (fp_text reference C1 (at 3 0 90) (layer F.SilkS)
      (effects (font (size 1 1) (thickness 0.15)))
    )
    (fp_text value 0.01uF (at -4.5 0.5 270) (layer F.SilkS)
      (effects (font (size 1 1) (thickness 0.15)))
    )
    (fp_line (start -1 0.6) (end -1 -0.6) (layer F.Fab) (width 0.1))
    (fp_line (start -1 -0.6) (end 1 -0.6) (layer F.Fab) (width 0.1))
    (fp_line (start 1 -0.6) (end 1 0.6) (layer F.Fab) (width 0.1))
    (fp_line (start 1 0.6) (end -1 0.6) (layer F.Fab) (width 0.1))
    (fp_line (start -0.258578 -0.71) (end 0.258578 -0.71) (layer F.SilkS) (width 0.12))
    (fp_line (start -0.258578 0.71) (end 0.258578 0.71) (layer F.SilkS) (width 0.12))
    (fp_line (start -1.68 0.95) (end -1.68 -0.95) (layer F.CrtYd) (width 0.05))
    (fp_line (start -1.68 -0.95) (end 1.68 -0.95) (layer F.CrtYd) (width 0.05))
    (fp_line (start 1.68 -0.95) (end 1.68 0.95) (layer F.CrtYd) (width 0.05))
    (fp_line (start 1.68 0.95) (end -1.68 0.95) (layer F.CrtYd) (width 0.05))
    (fp_text user %R (at 0 0 90) (layer F.Fab)
      (effects (font (size 0.5 0.5) (thickness 0.08)))
    )
    (pad 1 smd roundrect (at -0.9375 0 90) (size 0.975 1.4) (layers F.Cu F.Paste F.Mask) (roundrect_rratio 0.25)
      (net 1 +12V))
    (pad 2 smd roundrect (at 0.9375 0 90) (size 0.975 1.4) (layers F.Cu F.Paste F.Mask) (roundrect_rratio 0.25)
      (net 2 GND))
    (model ${KISYS3DMOD}/Capacitor_SMD.3dshapes/C_0805_2012Metric.wrl
      (at (xyz 0 0 0))
      (scale (xyz 1 1 1))
      (rotate (xyz 0 0 0))
    )
  )

  (module Capacitor_SMD:C_0805_2012Metric (layer F.Cu) (tedit 5B36C52B) (tstamp 5F3FC1BC)
    (at 2.5 140 90)
    (descr "Capacitor SMD 0805 (2012 Metric), square (rectangular) end terminal, IPC_7351 nominal, (Body size source: https://docs.google.com/spreadsheets/d/1BsfQQcO9C6DZCsRaXUlFlo91Tg2WpOkGARC1WS5S8t0/edit?usp=sharing), generated with kicad-footprint-generator")
    (tags capacitor)
    (path /5F3F100C)
    (attr smd)
    (fp_text reference C2 (at 2.5 0 180) (layer F.SilkS)
      (effects (font (size 1 1) (thickness 0.15)))
    )
    (fp_text value 0.1uF (at -4.5 0 90) (layer F.SilkS)
      (effects (font (size 1 1) (thickness 0.15)))
    )
    (fp_line (start 1.68 0.95) (end -1.68 0.95) (layer F.CrtYd) (width 0.05))
    (fp_line (start 1.68 -0.95) (end 1.68 0.95) (layer F.CrtYd) (width 0.05))
    (fp_line (start -1.68 -0.95) (end 1.68 -0.95) (layer F.CrtYd) (width 0.05))
    (fp_line (start -1.68 0.95) (end -1.68 -0.95) (layer F.CrtYd) (width 0.05))
    (fp_line (start -0.258578 0.71) (end 0.258578 0.71) (layer F.SilkS) (width 0.12))
    (fp_line (start -0.258578 -0.71) (end 0.258578 -0.71) (layer F.SilkS) (width 0.12))
    (fp_line (start 1 0.6) (end -1 0.6) (layer F.Fab) (width 0.1))
    (fp_line (start 1 -0.6) (end 1 0.6) (layer F.Fab) (width 0.1))
    (fp_line (start -1 -0.6) (end 1 -0.6) (layer F.Fab) (width 0.1))
    (fp_line (start -1 0.6) (end -1 -0.6) (layer F.Fab) (width 0.1))
    (fp_text user %R (at 0 0 90) (layer F.Fab)
      (effects (font (size 0.5 0.5) (thickness 0.08)))
    )
    (pad 2 smd roundrect (at 0.9375 0 90) (size 0.975 1.4) (layers F.Cu F.Paste F.Mask) (roundrect_rratio 0.25)
      (net 2 GND))
    (pad 1 smd roundrect (at -0.9375 0 90) (size 0.975 1.4) (layers F.Cu F.Paste F.Mask) (roundrect_rratio 0.25)
      (net 1 +12V))
    (model ${KISYS3DMOD}/Capacitor_SMD.3dshapes/C_0805_2012Metric.wrl
      (at (xyz 0 0 0))
      (scale (xyz 1 1 1))
      (rotate (xyz 0 0 0))
    )
  )

  (module Capacitor_SMD:C_0805_2012Metric (layer F.Cu) (tedit 5B36C52B) (tstamp 5F3FC1CD)
    (at -6.5625 147.5)
    (descr "Capacitor SMD 0805 (2012 Metric), square (rectangular) end terminal, IPC_7351 nominal, (Body size source: https://docs.google.com/spreadsheets/d/1BsfQQcO9C6DZCsRaXUlFlo91Tg2WpOkGARC1WS5S8t0/edit?usp=sharing), generated with kicad-footprint-generator")
    (tags capacitor)
    (path /5F3F1A45)
    (attr smd)
    (fp_text reference C3 (at -2.4375 0 90) (layer F.SilkS)
      (effects (font (size 1 1) (thickness 0.15)))
    )
    (fp_text value 0.01uF (at 4.5625 0) (layer F.SilkS)
      (effects (font (size 1 1) (thickness 0.15)))
    )
    (fp_line (start 1.68 0.95) (end -1.68 0.95) (layer F.CrtYd) (width 0.05))
    (fp_line (start 1.68 -0.95) (end 1.68 0.95) (layer F.CrtYd) (width 0.05))
    (fp_line (start -1.68 -0.95) (end 1.68 -0.95) (layer F.CrtYd) (width 0.05))
    (fp_line (start -1.68 0.95) (end -1.68 -0.95) (layer F.CrtYd) (width 0.05))
    (fp_line (start -0.258578 0.71) (end 0.258578 0.71) (layer F.SilkS) (width 0.12))
    (fp_line (start -0.258578 -0.71) (end 0.258578 -0.71) (layer F.SilkS) (width 0.12))
    (fp_line (start 1 0.6) (end -1 0.6) (layer F.Fab) (width 0.1))
    (fp_line (start 1 -0.6) (end 1 0.6) (layer F.Fab) (width 0.1))
    (fp_line (start -1 -0.6) (end 1 -0.6) (layer F.Fab) (width 0.1))
    (fp_line (start -1 0.6) (end -1 -0.6) (layer F.Fab) (width 0.1))
    (fp_text user %R (at 0 0) (layer F.Fab)
      (effects (font (size 0.5 0.5) (thickness 0.08)))
    )
    (pad 2 smd roundrect (at 0.9375 0) (size 0.975 1.4) (layers F.Cu F.Paste F.Mask) (roundrect_rratio 0.25)
      (net 2 GND))
    (pad 1 smd roundrect (at -0.9375 0) (size 0.975 1.4) (layers F.Cu F.Paste F.Mask) (roundrect_rratio 0.25)
      (net 3 -12V))
    (model ${KISYS3DMOD}/Capacitor_SMD.3dshapes/C_0805_2012Metric.wrl
      (at (xyz 0 0 0))
      (scale (xyz 1 1 1))
      (rotate (xyz 0 0 0))
    )
  )

  (module Capacitor_SMD:C_0805_2012Metric (layer F.Cu) (tedit 5B36C52B) (tstamp 5F3FC1DE)
    (at -6.5625 150)
    (descr "Capacitor SMD 0805 (2012 Metric), square (rectangular) end terminal, IPC_7351 nominal, (Body size source: https://docs.google.com/spreadsheets/d/1BsfQQcO9C6DZCsRaXUlFlo91Tg2WpOkGARC1WS5S8t0/edit?usp=sharing), generated with kicad-footprint-generator")
    (tags capacitor)
    (path /5F3F1A59)
    (attr smd)
    (fp_text reference C4 (at -2.4375 0 90) (layer F.SilkS)
      (effects (font (size 1 1) (thickness 0.15)))
    )
    (fp_text value 0.1uF (at 4.0625 0) (layer F.SilkS)
      (effects (font (size 1 1) (thickness 0.15)))
    )
    (fp_line (start -1 0.6) (end -1 -0.6) (layer F.Fab) (width 0.1))
    (fp_line (start -1 -0.6) (end 1 -0.6) (layer F.Fab) (width 0.1))
    (fp_line (start 1 -0.6) (end 1 0.6) (layer F.Fab) (width 0.1))
    (fp_line (start 1 0.6) (end -1 0.6) (layer F.Fab) (width 0.1))
    (fp_line (start -0.258578 -0.71) (end 0.258578 -0.71) (layer F.SilkS) (width 0.12))
    (fp_line (start -0.258578 0.71) (end 0.258578 0.71) (layer F.SilkS) (width 0.12))
    (fp_line (start -1.68 0.95) (end -1.68 -0.95) (layer F.CrtYd) (width 0.05))
    (fp_line (start -1.68 -0.95) (end 1.68 -0.95) (layer F.CrtYd) (width 0.05))
    (fp_line (start 1.68 -0.95) (end 1.68 0.95) (layer F.CrtYd) (width 0.05))
    (fp_line (start 1.68 0.95) (end -1.68 0.95) (layer F.CrtYd) (width 0.05))
    (fp_text user %R (at 0 0) (layer F.Fab)
      (effects (font (size 0.5 0.5) (thickness 0.08)))
    )
    (pad 1 smd roundrect (at -0.9375 0) (size 0.975 1.4) (layers F.Cu F.Paste F.Mask) (roundrect_rratio 0.25)
      (net 3 -12V))
    (pad 2 smd roundrect (at 0.9375 0) (size 0.975 1.4) (layers F.Cu F.Paste F.Mask) (roundrect_rratio 0.25)
      (net 2 GND))
    (model ${KISYS3DMOD}/Capacitor_SMD.3dshapes/C_0805_2012Metric.wrl
      (at (xyz 0 0 0))
      (scale (xyz 1 1 1))
      (rotate (xyz 0 0 0))
    )
  )

  (module Capacitor_SMD:C_0805_2012Metric (layer F.Cu) (tedit 5B36C52B) (tstamp 5F3FC1EF)
    (at -8.5625 129.5)
    (descr "Capacitor SMD 0805 (2012 Metric), square (rectangular) end terminal, IPC_7351 nominal, (Body size source: https://docs.google.com/spreadsheets/d/1BsfQQcO9C6DZCsRaXUlFlo91Tg2WpOkGARC1WS5S8t0/edit?usp=sharing), generated with kicad-footprint-generator")
    (tags capacitor)
    (path /5F3FC37A)
    (attr smd)
    (fp_text reference C5 (at -2.9375 0) (layer F.SilkS)
      (effects (font (size 1 1) (thickness 0.15)))
    )
    (fp_text value 0.01uF (at 4.5625 0) (layer F.SilkS)
      (effects (font (size 1 1) (thickness 0.15)))
    )
    (fp_line (start -1 0.6) (end -1 -0.6) (layer F.Fab) (width 0.1))
    (fp_line (start -1 -0.6) (end 1 -0.6) (layer F.Fab) (width 0.1))
    (fp_line (start 1 -0.6) (end 1 0.6) (layer F.Fab) (width 0.1))
    (fp_line (start 1 0.6) (end -1 0.6) (layer F.Fab) (width 0.1))
    (fp_line (start -0.258578 -0.71) (end 0.258578 -0.71) (layer F.SilkS) (width 0.12))
    (fp_line (start -0.258578 0.71) (end 0.258578 0.71) (layer F.SilkS) (width 0.12))
    (fp_line (start -1.68 0.95) (end -1.68 -0.95) (layer F.CrtYd) (width 0.05))
    (fp_line (start -1.68 -0.95) (end 1.68 -0.95) (layer F.CrtYd) (width 0.05))
    (fp_line (start 1.68 -0.95) (end 1.68 0.95) (layer F.CrtYd) (width 0.05))
    (fp_line (start 1.68 0.95) (end -1.68 0.95) (layer F.CrtYd) (width 0.05))
    (fp_text user %R (at 0 0) (layer F.Fab)
      (effects (font (size 0.5 0.5) (thickness 0.08)))
    )
    (pad 1 smd roundrect (at -0.9375 0) (size 0.975 1.4) (layers F.Cu F.Paste F.Mask) (roundrect_rratio 0.25)
      (net 1 +12V))
    (pad 2 smd roundrect (at 0.9375 0) (size 0.975 1.4) (layers F.Cu F.Paste F.Mask) (roundrect_rratio 0.25)
      (net 2 GND))
    (model ${KISYS3DMOD}/Capacitor_SMD.3dshapes/C_0805_2012Metric.wrl
      (at (xyz 0 0 0))
      (scale (xyz 1 1 1))
      (rotate (xyz 0 0 0))
    )
  )

  (module Capacitor_SMD:C_0805_2012Metric (layer F.Cu) (tedit 5B36C52B) (tstamp 5F3FC200)
    (at -8.5625 131.5)
    (descr "Capacitor SMD 0805 (2012 Metric), square (rectangular) end terminal, IPC_7351 nominal, (Body size source: https://docs.google.com/spreadsheets/d/1BsfQQcO9C6DZCsRaXUlFlo91Tg2WpOkGARC1WS5S8t0/edit?usp=sharing), generated with kicad-footprint-generator")
    (tags capacitor)
    (path /5F3FC38E)
    (attr smd)
    (fp_text reference C6 (at -2.9375 0) (layer F.SilkS)
      (effects (font (size 1 1) (thickness 0.15)))
    )
    (fp_text value 0.1uF (at 4.0625 0) (layer F.SilkS)
      (effects (font (size 1 1) (thickness 0.15)))
    )
    (fp_line (start -1 0.6) (end -1 -0.6) (layer F.Fab) (width 0.1))
    (fp_line (start -1 -0.6) (end 1 -0.6) (layer F.Fab) (width 0.1))
    (fp_line (start 1 -0.6) (end 1 0.6) (layer F.Fab) (width 0.1))
    (fp_line (start 1 0.6) (end -1 0.6) (layer F.Fab) (width 0.1))
    (fp_line (start -0.258578 -0.71) (end 0.258578 -0.71) (layer F.SilkS) (width 0.12))
    (fp_line (start -0.258578 0.71) (end 0.258578 0.71) (layer F.SilkS) (width 0.12))
    (fp_line (start -1.68 0.95) (end -1.68 -0.95) (layer F.CrtYd) (width 0.05))
    (fp_line (start -1.68 -0.95) (end 1.68 -0.95) (layer F.CrtYd) (width 0.05))
    (fp_line (start 1.68 -0.95) (end 1.68 0.95) (layer F.CrtYd) (width 0.05))
    (fp_line (start 1.68 0.95) (end -1.68 0.95) (layer F.CrtYd) (width 0.05))
    (fp_text user %R (at 0 0) (layer F.Fab)
      (effects (font (size 0.5 0.5) (thickness 0.08)))
    )
    (pad 1 smd roundrect (at -0.9375 0) (size 0.975 1.4) (layers F.Cu F.Paste F.Mask) (roundrect_rratio 0.25)
      (net 1 +12V))
    (pad 2 smd roundrect (at 0.9375 0) (size 0.975 1.4) (layers F.Cu F.Paste F.Mask) (roundrect_rratio 0.25)
      (net 2 GND))
    (model ${KISYS3DMOD}/Capacitor_SMD.3dshapes/C_0805_2012Metric.wrl
      (at (xyz 0 0 0))
      (scale (xyz 1 1 1))
      (rotate (xyz 0 0 0))
    )
  )

  (module Capacitor_SMD:C_0805_2012Metric (layer F.Cu) (tedit 5B36C52B) (tstamp 5F3FF1F3)
    (at -0.5625 121.5)
    (descr "Capacitor SMD 0805 (2012 Metric), square (rectangular) end terminal, IPC_7351 nominal, (Body size source: https://docs.google.com/spreadsheets/d/1BsfQQcO9C6DZCsRaXUlFlo91Tg2WpOkGARC1WS5S8t0/edit?usp=sharing), generated with kicad-footprint-generator")
    (tags capacitor)
    (path /5F3FC3A2)
    (attr smd)
    (fp_text reference C7 (at 3.5625 0) (layer F.SilkS)
      (effects (font (size 1 1) (thickness 0.15)))
    )
    (fp_text value 0.01uF (at 7.5625 0) (layer F.SilkS)
      (effects (font (size 1 1) (thickness 0.15)))
    )
    (fp_line (start -1 0.6) (end -1 -0.6) (layer F.Fab) (width 0.1))
    (fp_line (start -1 -0.6) (end 1 -0.6) (layer F.Fab) (width 0.1))
    (fp_line (start 1 -0.6) (end 1 0.6) (layer F.Fab) (width 0.1))
    (fp_line (start 1 0.6) (end -1 0.6) (layer F.Fab) (width 0.1))
    (fp_line (start -0.258578 -0.71) (end 0.258578 -0.71) (layer F.SilkS) (width 0.12))
    (fp_line (start -0.258578 0.71) (end 0.258578 0.71) (layer F.SilkS) (width 0.12))
    (fp_line (start -1.68 0.95) (end -1.68 -0.95) (layer F.CrtYd) (width 0.05))
    (fp_line (start -1.68 -0.95) (end 1.68 -0.95) (layer F.CrtYd) (width 0.05))
    (fp_line (start 1.68 -0.95) (end 1.68 0.95) (layer F.CrtYd) (width 0.05))
    (fp_line (start 1.68 0.95) (end -1.68 0.95) (layer F.CrtYd) (width 0.05))
    (fp_text user %R (at 0 0) (layer F.Fab)
      (effects (font (size 0.5 0.5) (thickness 0.08)))
    )
    (pad 1 smd roundrect (at -0.9375 0) (size 0.975 1.4) (layers F.Cu F.Paste F.Mask) (roundrect_rratio 0.25)
      (net 3 -12V))
    (pad 2 smd roundrect (at 0.9375 0) (size 0.975 1.4) (layers F.Cu F.Paste F.Mask) (roundrect_rratio 0.25)
      (net 2 GND))
    (model ${KISYS3DMOD}/Capacitor_SMD.3dshapes/C_0805_2012Metric.wrl
      (at (xyz 0 0 0))
      (scale (xyz 1 1 1))
      (rotate (xyz 0 0 0))
    )
  )

  (module Capacitor_SMD:C_0805_2012Metric (layer F.Cu) (tedit 5B36C52B) (tstamp 5F401370)
    (at -0.5625 119.5)
    (descr "Capacitor SMD 0805 (2012 Metric), square (rectangular) end terminal, IPC_7351 nominal, (Body size source: https://docs.google.com/spreadsheets/d/1BsfQQcO9C6DZCsRaXUlFlo91Tg2WpOkGARC1WS5S8t0/edit?usp=sharing), generated with kicad-footprint-generator")
    (tags capacitor)
    (path /5F3FC3B6)
    (attr smd)
    (fp_text reference C8 (at 3.5625 0) (layer F.SilkS)
      (effects (font (size 1 1) (thickness 0.15)))
    )
    (fp_text value 0.1uF (at 7.0625 0) (layer F.SilkS)
      (effects (font (size 1 1) (thickness 0.15)))
    )
    (fp_line (start 1.68 0.95) (end -1.68 0.95) (layer F.CrtYd) (width 0.05))
    (fp_line (start 1.68 -0.95) (end 1.68 0.95) (layer F.CrtYd) (width 0.05))
    (fp_line (start -1.68 -0.95) (end 1.68 -0.95) (layer F.CrtYd) (width 0.05))
    (fp_line (start -1.68 0.95) (end -1.68 -0.95) (layer F.CrtYd) (width 0.05))
    (fp_line (start -0.258578 0.71) (end 0.258578 0.71) (layer F.SilkS) (width 0.12))
    (fp_line (start -0.258578 -0.71) (end 0.258578 -0.71) (layer F.SilkS) (width 0.12))
    (fp_line (start 1 0.6) (end -1 0.6) (layer F.Fab) (width 0.1))
    (fp_line (start 1 -0.6) (end 1 0.6) (layer F.Fab) (width 0.1))
    (fp_line (start -1 -0.6) (end 1 -0.6) (layer F.Fab) (width 0.1))
    (fp_line (start -1 0.6) (end -1 -0.6) (layer F.Fab) (width 0.1))
    (fp_text user %R (at 0 0) (layer F.Fab)
      (effects (font (size 0.5 0.5) (thickness 0.08)))
    )
    (pad 2 smd roundrect (at 0.9375 0) (size 0.975 1.4) (layers F.Cu F.Paste F.Mask) (roundrect_rratio 0.25)
      (net 2 GND))
    (pad 1 smd roundrect (at -0.9375 0) (size 0.975 1.4) (layers F.Cu F.Paste F.Mask) (roundrect_rratio 0.25)
      (net 3 -12V))
    (model ${KISYS3DMOD}/Capacitor_SMD.3dshapes/C_0805_2012Metric.wrl
      (at (xyz 0 0 0))
      (scale (xyz 1 1 1))
      (rotate (xyz 0 0 0))
    )
  )

  (module Capacitor_SMD:C_0805_2012Metric (layer F.Cu) (tedit 5B36C52B) (tstamp 5F403448)
    (at -8.337087 90.837087 135)
    (descr "Capacitor SMD 0805 (2012 Metric), square (rectangular) end terminal, IPC_7351 nominal, (Body size source: https://docs.google.com/spreadsheets/d/1BsfQQcO9C6DZCsRaXUlFlo91Tg2WpOkGARC1WS5S8t0/edit?usp=sharing), generated with kicad-footprint-generator")
    (tags capacitor)
    (path /5F406428)
    (attr smd)
    (fp_text reference C9 (at 3.181981 0.12316 135) (layer F.SilkS)
      (effects (font (size 1 1) (thickness 0.15)))
    )
    (fp_text value 0.01uF (at -4.596194 0.12316 135) (layer F.SilkS)
      (effects (font (size 1 1) (thickness 0.15)))
    )
    (fp_line (start -1 0.6) (end -1 -0.6) (layer F.Fab) (width 0.1))
    (fp_line (start -1 -0.6) (end 1 -0.6) (layer F.Fab) (width 0.1))
    (fp_line (start 1 -0.6) (end 1 0.6) (layer F.Fab) (width 0.1))
    (fp_line (start 1 0.6) (end -1 0.6) (layer F.Fab) (width 0.1))
    (fp_line (start -0.258578 -0.71) (end 0.258578 -0.71) (layer F.SilkS) (width 0.12))
    (fp_line (start -0.258578 0.71) (end 0.258578 0.71) (layer F.SilkS) (width 0.12))
    (fp_line (start -1.68 0.95) (end -1.68 -0.95) (layer F.CrtYd) (width 0.05))
    (fp_line (start -1.68 -0.95) (end 1.68 -0.95) (layer F.CrtYd) (width 0.05))
    (fp_line (start 1.68 -0.95) (end 1.68 0.95) (layer F.CrtYd) (width 0.05))
    (fp_line (start 1.68 0.95) (end -1.68 0.95) (layer F.CrtYd) (width 0.05))
    (fp_text user %R (at 0 0 135) (layer F.Fab)
      (effects (font (size 0.5 0.5) (thickness 0.08)))
    )
    (pad 1 smd roundrect (at -0.9375 0 135) (size 0.975 1.4) (layers F.Cu F.Paste F.Mask) (roundrect_rratio 0.25)
      (net 29 +12T))
    (pad 2 smd roundrect (at 0.9375 0 135) (size 0.975 1.4) (layers F.Cu F.Paste F.Mask) (roundrect_rratio 0.25)
      (net 2 GND))
    (model ${KISYS3DMOD}/Capacitor_SMD.3dshapes/C_0805_2012Metric.wrl
      (at (xyz 0 0 0))
      (scale (xyz 1 1 1))
      (rotate (xyz 0 0 0))
    )
  )

  (module Capacitor_SMD:C_0805_2012Metric (layer F.Cu) (tedit 5B36C52B) (tstamp 5F40248F)
    (at -9.837087 92.337087 135)
    (descr "Capacitor SMD 0805 (2012 Metric), square (rectangular) end terminal, IPC_7351 nominal, (Body size source: https://docs.google.com/spreadsheets/d/1BsfQQcO9C6DZCsRaXUlFlo91Tg2WpOkGARC1WS5S8t0/edit?usp=sharing), generated with kicad-footprint-generator")
    (tags capacitor)
    (path /5F40643C)
    (attr smd)
    (fp_text reference C10 (at 3.889087 0.12316 135) (layer F.SilkS)
      (effects (font (size 1 1) (thickness 0.15)))
    )
    (fp_text value 0.1uF (at -3.889087 0.12316 135) (layer F.SilkS)
      (effects (font (size 1 1) (thickness 0.15)))
    )
    (fp_line (start 1.68 0.95) (end -1.68 0.95) (layer F.CrtYd) (width 0.05))
    (fp_line (start 1.68 -0.95) (end 1.68 0.95) (layer F.CrtYd) (width 0.05))
    (fp_line (start -1.68 -0.95) (end 1.68 -0.95) (layer F.CrtYd) (width 0.05))
    (fp_line (start -1.68 0.95) (end -1.68 -0.95) (layer F.CrtYd) (width 0.05))
    (fp_line (start -0.258578 0.71) (end 0.258578 0.71) (layer F.SilkS) (width 0.12))
    (fp_line (start -0.258578 -0.71) (end 0.258578 -0.71) (layer F.SilkS) (width 0.12))
    (fp_line (start 1 0.6) (end -1 0.6) (layer F.Fab) (width 0.1))
    (fp_line (start 1 -0.6) (end 1 0.6) (layer F.Fab) (width 0.1))
    (fp_line (start -1 -0.6) (end 1 -0.6) (layer F.Fab) (width 0.1))
    (fp_line (start -1 0.6) (end -1 -0.6) (layer F.Fab) (width 0.1))
    (fp_text user %R (at 0 0 135) (layer F.Fab)
      (effects (font (size 0.5 0.5) (thickness 0.08)))
    )
    (pad 2 smd roundrect (at 0.9375 0 135) (size 0.975 1.4) (layers F.Cu F.Paste F.Mask) (roundrect_rratio 0.25)
      (net 2 GND))
    (pad 1 smd roundrect (at -0.9375 0 135) (size 0.975 1.4) (layers F.Cu F.Paste F.Mask) (roundrect_rratio 0.25)
      (net 29 +12T))
    (model ${KISYS3DMOD}/Capacitor_SMD.3dshapes/C_0805_2012Metric.wrl
      (at (xyz 0 0 0))
      (scale (xyz 1 1 1))
      (rotate (xyz 0 0 0))
    )
  )

  (module Capacitor_SMD:C_0805_2012Metric (layer F.Cu) (tedit 5B36C52B) (tstamp 5F403361)
    (at -7.162913 82.162913 225)
    (descr "Capacitor SMD 0805 (2012 Metric), square (rectangular) end terminal, IPC_7351 nominal, (Body size source: https://docs.google.com/spreadsheets/d/1BsfQQcO9C6DZCsRaXUlFlo91Tg2WpOkGARC1WS5S8t0/edit?usp=sharing), generated with kicad-footprint-generator")
    (tags capacitor)
    (path /5F406450)
    (attr smd)
    (fp_text reference C11 (at 3.30514 0 45) (layer F.SilkS)
      (effects (font (size 1 1) (thickness 0.15)))
    )
    (fp_text value 0.01uF (at -4.473034 0 45) (layer F.SilkS)
      (effects (font (size 1 1) (thickness 0.15)))
    )
    (fp_line (start -1 0.6) (end -1 -0.6) (layer F.Fab) (width 0.1))
    (fp_line (start -1 -0.6) (end 1 -0.6) (layer F.Fab) (width 0.1))
    (fp_line (start 1 -0.6) (end 1 0.6) (layer F.Fab) (width 0.1))
    (fp_line (start 1 0.6) (end -1 0.6) (layer F.Fab) (width 0.1))
    (fp_line (start -0.258578 -0.71) (end 0.258578 -0.71) (layer F.SilkS) (width 0.12))
    (fp_line (start -0.258578 0.71) (end 0.258578 0.71) (layer F.SilkS) (width 0.12))
    (fp_line (start -1.68 0.95) (end -1.68 -0.95) (layer F.CrtYd) (width 0.05))
    (fp_line (start -1.68 -0.95) (end 1.68 -0.95) (layer F.CrtYd) (width 0.05))
    (fp_line (start 1.68 -0.95) (end 1.68 0.95) (layer F.CrtYd) (width 0.05))
    (fp_line (start 1.68 0.95) (end -1.68 0.95) (layer F.CrtYd) (width 0.05))
    (fp_text user %R (at 0 0 45) (layer F.Fab)
      (effects (font (size 0.5 0.5) (thickness 0.08)))
    )
    (pad 1 smd roundrect (at -0.9375 0 225) (size 0.975 1.4) (layers F.Cu F.Paste F.Mask) (roundrect_rratio 0.25)
      (net 28 -12T))
    (pad 2 smd roundrect (at 0.9375 0 225) (size 0.975 1.4) (layers F.Cu F.Paste F.Mask) (roundrect_rratio 0.25)
      (net 2 GND))
    (model ${KISYS3DMOD}/Capacitor_SMD.3dshapes/C_0805_2012Metric.wrl
      (at (xyz 0 0 0))
      (scale (xyz 1 1 1))
      (rotate (xyz 0 0 0))
    )
  )

  (module Capacitor_SMD:C_0805_2012Metric (layer F.Cu) (tedit 5B36C52B) (tstamp 5F3FC266)
    (at 3.162913 80.162913 315)
    (descr "Capacitor SMD 0805 (2012 Metric), square (rectangular) end terminal, IPC_7351 nominal, (Body size source: https://docs.google.com/spreadsheets/d/1BsfQQcO9C6DZCsRaXUlFlo91Tg2WpOkGARC1WS5S8t0/edit?usp=sharing), generated with kicad-footprint-generator")
    (tags capacitor)
    (path /5F40E442)
    (attr smd)
    (fp_text reference C12 (at 4.3658 -0.353553 225) (layer F.SilkS)
      (effects (font (size 1 1) (thickness 0.15)))
    )
    (fp_text value 47pF (at 2.598033 -0.707107 225) (layer F.SilkS)
      (effects (font (size 1 1) (thickness 0.15)))
    )
    (fp_line (start 1.68 0.95) (end -1.68 0.95) (layer F.CrtYd) (width 0.05))
    (fp_line (start 1.68 -0.95) (end 1.68 0.95) (layer F.CrtYd) (width 0.05))
    (fp_line (start -1.68 -0.95) (end 1.68 -0.95) (layer F.CrtYd) (width 0.05))
    (fp_line (start -1.68 0.95) (end -1.68 -0.95) (layer F.CrtYd) (width 0.05))
    (fp_line (start -0.258578 0.71) (end 0.258578 0.71) (layer F.SilkS) (width 0.12))
    (fp_line (start -0.258578 -0.71) (end 0.258578 -0.71) (layer F.SilkS) (width 0.12))
    (fp_line (start 1 0.6) (end -1 0.6) (layer F.Fab) (width 0.1))
    (fp_line (start 1 -0.6) (end 1 0.6) (layer F.Fab) (width 0.1))
    (fp_line (start -1 -0.6) (end 1 -0.6) (layer F.Fab) (width 0.1))
    (fp_line (start -1 0.6) (end -1 -0.6) (layer F.Fab) (width 0.1))
    (fp_text user %R (at 0 0 135) (layer F.Fab)
      (effects (font (size 0.5 0.5) (thickness 0.08)))
    )
    (pad 2 smd roundrect (at 0.9375 0 315) (size 0.975 1.4) (layers F.Cu F.Paste F.Mask) (roundrect_rratio 0.25)
      (net 4 "Net-(C12-Pad2)"))
    (pad 1 smd roundrect (at -0.9375 0 315) (size 0.975 1.4) (layers F.Cu F.Paste F.Mask) (roundrect_rratio 0.25)
      (net 5 "Net-(C12-Pad1)"))
    (model ${KISYS3DMOD}/Capacitor_SMD.3dshapes/C_0805_2012Metric.wrl
      (at (xyz 0 0 0))
      (scale (xyz 1 1 1))
      (rotate (xyz 0 0 0))
    )
  )

  (module Capacitor_SMD:C_0805_2012Metric (layer F.Cu) (tedit 5B36C52B) (tstamp 5F400F58)
    (at -8.662913 80.662913 225)
    (descr "Capacitor SMD 0805 (2012 Metric), square (rectangular) end terminal, IPC_7351 nominal, (Body size source: https://docs.google.com/spreadsheets/d/1BsfQQcO9C6DZCsRaXUlFlo91Tg2WpOkGARC1WS5S8t0/edit?usp=sharing), generated with kicad-footprint-generator")
    (tags capacitor)
    (path /5F406464)
    (attr smd)
    (fp_text reference C13 (at 3.30514 0 45) (layer F.SilkS)
      (effects (font (size 1 1) (thickness 0.15)))
    )
    (fp_text value 0.1uF (at -3.765928 0 45) (layer F.SilkS)
      (effects (font (size 1 1) (thickness 0.15)))
    )
    (fp_line (start 1.68 0.95) (end -1.68 0.95) (layer F.CrtYd) (width 0.05))
    (fp_line (start 1.68 -0.95) (end 1.68 0.95) (layer F.CrtYd) (width 0.05))
    (fp_line (start -1.68 -0.95) (end 1.68 -0.95) (layer F.CrtYd) (width 0.05))
    (fp_line (start -1.68 0.95) (end -1.68 -0.95) (layer F.CrtYd) (width 0.05))
    (fp_line (start -0.258578 0.71) (end 0.258578 0.71) (layer F.SilkS) (width 0.12))
    (fp_line (start -0.258578 -0.71) (end 0.258578 -0.71) (layer F.SilkS) (width 0.12))
    (fp_line (start 1 0.6) (end -1 0.6) (layer F.Fab) (width 0.1))
    (fp_line (start 1 -0.6) (end 1 0.6) (layer F.Fab) (width 0.1))
    (fp_line (start -1 -0.6) (end 1 -0.6) (layer F.Fab) (width 0.1))
    (fp_line (start -1 0.6) (end -1 -0.6) (layer F.Fab) (width 0.1))
    (fp_text user %R (at 0 0 45) (layer F.Fab)
      (effects (font (size 0.5 0.5) (thickness 0.08)))
    )
    (pad 2 smd roundrect (at 0.9375 0 225) (size 0.975 1.4) (layers F.Cu F.Paste F.Mask) (roundrect_rratio 0.25)
      (net 2 GND))
    (pad 1 smd roundrect (at -0.9375 0 225) (size 0.975 1.4) (layers F.Cu F.Paste F.Mask) (roundrect_rratio 0.25)
      (net 28 -12T))
    (model ${KISYS3DMOD}/Capacitor_SMD.3dshapes/C_0805_2012Metric.wrl
      (at (xyz 0 0 0))
      (scale (xyz 1 1 1))
      (rotate (xyz 0 0 0))
    )
  )

  (module Capacitor_SMD:C_0805_2012Metric (layer F.Cu) (tedit 5B36C52B) (tstamp 5F3FF955)
    (at -5.9375 114.5)
    (descr "Capacitor SMD 0805 (2012 Metric), square (rectangular) end terminal, IPC_7351 nominal, (Body size source: https://docs.google.com/spreadsheets/d/1BsfQQcO9C6DZCsRaXUlFlo91Tg2WpOkGARC1WS5S8t0/edit?usp=sharing), generated with kicad-footprint-generator")
    (tags capacitor)
    (path /5F43C911)
    (attr smd)
    (fp_text reference C14 (at 3.4375 -0.5) (layer F.SilkS)
      (effects (font (size 1 1) (thickness 0.15)))
    )
    (fp_text value 0.1uF (at 3.9375 1) (layer F.SilkS)
      (effects (font (size 1 1) (thickness 0.15)))
    )
    (fp_line (start 1.68 0.95) (end -1.68 0.95) (layer F.CrtYd) (width 0.05))
    (fp_line (start 1.68 -0.95) (end 1.68 0.95) (layer F.CrtYd) (width 0.05))
    (fp_line (start -1.68 -0.95) (end 1.68 -0.95) (layer F.CrtYd) (width 0.05))
    (fp_line (start -1.68 0.95) (end -1.68 -0.95) (layer F.CrtYd) (width 0.05))
    (fp_line (start -0.258578 0.71) (end 0.258578 0.71) (layer F.SilkS) (width 0.12))
    (fp_line (start -0.258578 -0.71) (end 0.258578 -0.71) (layer F.SilkS) (width 0.12))
    (fp_line (start 1 0.6) (end -1 0.6) (layer F.Fab) (width 0.1))
    (fp_line (start 1 -0.6) (end 1 0.6) (layer F.Fab) (width 0.1))
    (fp_line (start -1 -0.6) (end 1 -0.6) (layer F.Fab) (width 0.1))
    (fp_line (start -1 0.6) (end -1 -0.6) (layer F.Fab) (width 0.1))
    (fp_text user %R (at 0 0) (layer F.Fab)
      (effects (font (size 0.5 0.5) (thickness 0.08)))
    )
    (pad 2 smd roundrect (at 0.9375 0) (size 0.975 1.4) (layers F.Cu F.Paste F.Mask) (roundrect_rratio 0.25)
      (net 2 GND))
    (pad 1 smd roundrect (at -0.9375 0) (size 0.975 1.4) (layers F.Cu F.Paste F.Mask) (roundrect_rratio 0.25)
      (net 6 +5V))
    (model ${KISYS3DMOD}/Capacitor_SMD.3dshapes/C_0805_2012Metric.wrl
      (at (xyz 0 0 0))
      (scale (xyz 1 1 1))
      (rotate (xyz 0 0 0))
    )
  )

  (module Capacitor_SMD:C_0805_2012Metric (layer F.Cu) (tedit 5B36C52B) (tstamp 5F3FC299)
    (at 0.5625 106)
    (descr "Capacitor SMD 0805 (2012 Metric), square (rectangular) end terminal, IPC_7351 nominal, (Body size source: https://docs.google.com/spreadsheets/d/1BsfQQcO9C6DZCsRaXUlFlo91Tg2WpOkGARC1WS5S8t0/edit?usp=sharing), generated with kicad-footprint-generator")
    (tags capacitor)
    (path /5F4504A6)
    (attr smd)
    (fp_text reference C15 (at -0.5625 -3) (layer F.SilkS)
      (effects (font (size 1 1) (thickness 0.15)))
    )
    (fp_text value 0.1uF (at -0.0625 -1.5) (layer F.SilkS)
      (effects (font (size 1 1) (thickness 0.15)))
    )
    (fp_line (start -1 0.6) (end -1 -0.6) (layer F.Fab) (width 0.1))
    (fp_line (start -1 -0.6) (end 1 -0.6) (layer F.Fab) (width 0.1))
    (fp_line (start 1 -0.6) (end 1 0.6) (layer F.Fab) (width 0.1))
    (fp_line (start 1 0.6) (end -1 0.6) (layer F.Fab) (width 0.1))
    (fp_line (start -0.258578 -0.71) (end 0.258578 -0.71) (layer F.SilkS) (width 0.12))
    (fp_line (start -0.258578 0.71) (end 0.258578 0.71) (layer F.SilkS) (width 0.12))
    (fp_line (start -1.68 0.95) (end -1.68 -0.95) (layer F.CrtYd) (width 0.05))
    (fp_line (start -1.68 -0.95) (end 1.68 -0.95) (layer F.CrtYd) (width 0.05))
    (fp_line (start 1.68 -0.95) (end 1.68 0.95) (layer F.CrtYd) (width 0.05))
    (fp_line (start 1.68 0.95) (end -1.68 0.95) (layer F.CrtYd) (width 0.05))
    (fp_text user %R (at 0 0) (layer F.Fab)
      (effects (font (size 0.5 0.5) (thickness 0.08)))
    )
    (pad 1 smd roundrect (at -0.9375 0) (size 0.975 1.4) (layers F.Cu F.Paste F.Mask) (roundrect_rratio 0.25)
      (net 7 -5V))
    (pad 2 smd roundrect (at 0.9375 0) (size 0.975 1.4) (layers F.Cu F.Paste F.Mask) (roundrect_rratio 0.25)
      (net 2 GND))
    (model ${KISYS3DMOD}/Capacitor_SMD.3dshapes/C_0805_2012Metric.wrl
      (at (xyz 0 0 0))
      (scale (xyz 1 1 1))
      (rotate (xyz 0 0 0))
    )
  )

  (module Connector_Coaxial:SMA_Amphenol_901-144_Vertical (layer F.Cu) (tedit 5B2F4C32) (tstamp 5F3FE51E)
    (at -20 142.5)
    (descr https://www.amphenolrf.com/downloads/dl/file/id/7023/product/3103/901_144_customer_drawing.pdf)
    (tags "SMA THT Female Jack Vertical")
    (path /5F3E919E)
    (fp_text reference J1 (at -3.5 -4.75) (layer F.SilkS)
      (effects (font (size 1 1) (thickness 0.15)))
    )
    (fp_text value Conn_Coaxial (at 0 5) (layer F.Fab) hide
      (effects (font (size 1 1) (thickness 0.15)))
    )
    (fp_line (start -1.45 -3.355) (end 1.45 -3.355) (layer F.SilkS) (width 0.12))
    (fp_line (start -1.45 3.355) (end 1.45 3.355) (layer F.SilkS) (width 0.12))
    (fp_line (start 3.355 -1.45) (end 3.355 1.45) (layer F.SilkS) (width 0.12))
    (fp_line (start -3.355 -1.45) (end -3.355 1.45) (layer F.SilkS) (width 0.12))
    (fp_line (start 3.175 -3.175) (end 3.175 3.175) (layer F.Fab) (width 0.1))
    (fp_line (start -3.175 3.175) (end 3.175 3.175) (layer F.Fab) (width 0.1))
    (fp_line (start -3.175 -3.175) (end -3.175 3.175) (layer F.Fab) (width 0.1))
    (fp_line (start -3.175 -3.175) (end 3.175 -3.175) (layer F.Fab) (width 0.1))
    (fp_line (start -4.17 -4.17) (end 4.17 -4.17) (layer F.CrtYd) (width 0.05))
    (fp_line (start -4.17 -4.17) (end -4.17 4.17) (layer F.CrtYd) (width 0.05))
    (fp_line (start 4.17 4.17) (end 4.17 -4.17) (layer F.CrtYd) (width 0.05))
    (fp_line (start 4.17 4.17) (end -4.17 4.17) (layer F.CrtYd) (width 0.05))
    (fp_circle (center 0 0) (end 3.175 0) (layer F.Fab) (width 0.1))
    (fp_text user %R (at 0 7) (layer F.Fab) hide
      (effects (font (size 1 1) (thickness 0.15)))
    )
    (pad 2 thru_hole circle (at -2.54 2.54) (size 2.25 2.25) (drill 1.7) (layers *.Cu *.Mask)
      (net 2 GND))
    (pad 2 thru_hole circle (at -2.54 -2.54) (size 2.25 2.25) (drill 1.7) (layers *.Cu *.Mask)
      (net 2 GND))
    (pad 2 thru_hole circle (at 2.54 -2.54) (size 2.25 2.25) (drill 1.7) (layers *.Cu *.Mask)
      (net 2 GND))
    (pad 2 thru_hole circle (at 2.54 2.54) (size 2.25 2.25) (drill 1.7) (layers *.Cu *.Mask)
      (net 2 GND))
    (pad 1 thru_hole circle (at 0 0) (size 2.05 2.05) (drill 1.5) (layers *.Cu *.Mask)
      (net 8 "Net-(J1-Pad1)"))
    (model ${KISYS3DMOD}/Connector_Coaxial.3dshapes/SMA_Amphenol_901-144_Vertical.wrl
      (at (xyz 0 0 0))
      (scale (xyz 1 1 1))
      (rotate (xyz 0 0 0))
    )
  )

  (module Connector_Coaxial:SMA_Amphenol_901-144_Vertical (layer F.Cu) (tedit 5B2F4C32) (tstamp 5F3FEDC3)
    (at 12.5 142.5)
    (descr https://www.amphenolrf.com/downloads/dl/file/id/7023/product/3103/901_144_customer_drawing.pdf)
    (tags "SMA THT Female Jack Vertical")
    (path /5F3F7C90)
    (fp_text reference J2 (at 3.5 -5) (layer F.SilkS)
      (effects (font (size 1 1) (thickness 0.15)))
    )
    (fp_text value Conn_Coaxial (at 0 5) (layer F.Fab)
      (effects (font (size 1 1) (thickness 0.15)))
    )
    (fp_circle (center 0 0) (end 3.175 0) (layer F.Fab) (width 0.1))
    (fp_line (start 4.17 4.17) (end -4.17 4.17) (layer F.CrtYd) (width 0.05))
    (fp_line (start 4.17 4.17) (end 4.17 -4.17) (layer F.CrtYd) (width 0.05))
    (fp_line (start -4.17 -4.17) (end -4.17 4.17) (layer F.CrtYd) (width 0.05))
    (fp_line (start -4.17 -4.17) (end 4.17 -4.17) (layer F.CrtYd) (width 0.05))
    (fp_line (start -3.175 -3.175) (end 3.175 -3.175) (layer F.Fab) (width 0.1))
    (fp_line (start -3.175 -3.175) (end -3.175 3.175) (layer F.Fab) (width 0.1))
    (fp_line (start -3.175 3.175) (end 3.175 3.175) (layer F.Fab) (width 0.1))
    (fp_line (start 3.175 -3.175) (end 3.175 3.175) (layer F.Fab) (width 0.1))
    (fp_line (start -3.355 -1.45) (end -3.355 1.45) (layer F.SilkS) (width 0.12))
    (fp_line (start 3.355 -1.45) (end 3.355 1.45) (layer F.SilkS) (width 0.12))
    (fp_line (start -1.45 3.355) (end 1.45 3.355) (layer F.SilkS) (width 0.12))
    (fp_line (start -1.45 -3.355) (end 1.45 -3.355) (layer F.SilkS) (width 0.12))
    (fp_text user %R (at 0 8.55) (layer F.Fab) hide
      (effects (font (size 1 1) (thickness 0.15)))
    )
    (pad 1 thru_hole circle (at 0 0) (size 2.05 2.05) (drill 1.5) (layers *.Cu *.Mask)
      (net 9 "Net-(J2-Pad1)"))
    (pad 2 thru_hole circle (at 2.54 2.54) (size 2.25 2.25) (drill 1.7) (layers *.Cu *.Mask)
      (net 2 GND))
    (pad 2 thru_hole circle (at 2.54 -2.54) (size 2.25 2.25) (drill 1.7) (layers *.Cu *.Mask)
      (net 2 GND))
    (pad 2 thru_hole circle (at -2.54 -2.54) (size 2.25 2.25) (drill 1.7) (layers *.Cu *.Mask)
      (net 2 GND))
    (pad 2 thru_hole circle (at -2.54 2.54) (size 2.25 2.25) (drill 1.7) (layers *.Cu *.Mask)
      (net 2 GND))
    (model ${KISYS3DMOD}/Connector_Coaxial.3dshapes/SMA_Amphenol_901-144_Vertical.wrl
      (at (xyz 0 0 0))
      (scale (xyz 1 1 1))
      (rotate (xyz 0 0 0))
    )
  )

  (module Connector_Coaxial:SMA_Amphenol_901-144_Vertical (layer F.Cu) (tedit 5B2F4C32) (tstamp 5F3FEF13)
    (at -20 125)
    (descr https://www.amphenolrf.com/downloads/dl/file/id/7023/product/3103/901_144_customer_drawing.pdf)
    (tags "SMA THT Female Jack Vertical")
    (path /5F404A49)
    (fp_text reference J3 (at -3.5 -4.75) (layer F.SilkS)
      (effects (font (size 1 1) (thickness 0.15)))
    )
    (fp_text value Conn_Coaxial (at 0 5) (layer F.Fab) hide
      (effects (font (size 1 1) (thickness 0.15)))
    )
    (fp_circle (center 0 0) (end 3.175 0) (layer F.Fab) (width 0.1))
    (fp_line (start 4.17 4.17) (end -4.17 4.17) (layer F.CrtYd) (width 0.05))
    (fp_line (start 4.17 4.17) (end 4.17 -4.17) (layer F.CrtYd) (width 0.05))
    (fp_line (start -4.17 -4.17) (end -4.17 4.17) (layer F.CrtYd) (width 0.05))
    (fp_line (start -4.17 -4.17) (end 4.17 -4.17) (layer F.CrtYd) (width 0.05))
    (fp_line (start -3.175 -3.175) (end 3.175 -3.175) (layer F.Fab) (width 0.1))
    (fp_line (start -3.175 -3.175) (end -3.175 3.175) (layer F.Fab) (width 0.1))
    (fp_line (start -3.175 3.175) (end 3.175 3.175) (layer F.Fab) (width 0.1))
    (fp_line (start 3.175 -3.175) (end 3.175 3.175) (layer F.Fab) (width 0.1))
    (fp_line (start -3.355 -1.45) (end -3.355 1.45) (layer F.SilkS) (width 0.12))
    (fp_line (start 3.355 -1.45) (end 3.355 1.45) (layer F.SilkS) (width 0.12))
    (fp_line (start -1.45 3.355) (end 1.45 3.355) (layer F.SilkS) (width 0.12))
    (fp_line (start -1.45 -3.355) (end 1.45 -3.355) (layer F.SilkS) (width 0.12))
    (fp_text user %R (at -3.5 -5) (layer F.Fab) hide
      (effects (font (size 1 1) (thickness 0.15)))
    )
    (pad 1 thru_hole circle (at 0 0) (size 2.05 2.05) (drill 1.5) (layers *.Cu *.Mask)
      (net 10 "Net-(J3-Pad1)"))
    (pad 2 thru_hole circle (at 2.54 2.54) (size 2.25 2.25) (drill 1.7) (layers *.Cu *.Mask)
      (net 2 GND))
    (pad 2 thru_hole circle (at 2.54 -2.54) (size 2.25 2.25) (drill 1.7) (layers *.Cu *.Mask)
      (net 2 GND))
