(kicad_pcb (version 20171130) (host pcbnew "(2017-12-02 revision 3109343)-master")

  (general
    (thickness 1.6)
    (drawings 8)
    (tracks 335)
    (zones 0)
    (modules 22)
    (nets 52)
  )

  (page A4)
  (layers
    (0 F.Cu signal)
    (31 B.Cu signal)
    (32 B.Adhes user)
    (33 F.Adhes user)
    (34 B.Paste user)
    (35 F.Paste user)
    (36 B.SilkS user)
    (37 F.SilkS user)
    (38 B.Mask user)
    (39 F.Mask user)
    (40 Dwgs.User user)
    (41 Cmts.User user)
    (42 Eco1.User user)
    (43 Eco2.User user)
    (44 Edge.Cuts user)
    (45 Margin user)
    (46 B.CrtYd user)
    (47 F.CrtYd user)
    (48 B.Fab user)
    (49 F.Fab user)
  )

  (setup
    (last_trace_width 0.25)
    (trace_clearance 0.2)
    (zone_clearance 0.508)
    (zone_45_only no)
    (trace_min 0.2)
    (segment_width 0.2)
    (edge_width 0.15)
    (via_size 0.8)
    (via_drill 0.4)
    (via_min_size 0.4)
    (via_min_drill 0.3)
    (uvia_size 0.3)
    (uvia_drill 0.1)
    (uvias_allowed no)
    (uvia_min_size 0.2)
    (uvia_min_drill 0.1)
    (pcb_text_width 0.3)
    (pcb_text_size 1.5 1.5)
    (mod_edge_width 0.15)
    (mod_text_size 1 1)
    (mod_text_width 0.15)
    (pad_size 1.524 1.524)
    (pad_drill 0.762)
    (pad_to_mask_clearance 0.2)
    (aux_axis_origin 0 0)
    (visible_elements FFFFFF7F)
    (pcbplotparams
      (layerselection 0x010fc_ffffffff)
      (usegerberextensions false)
      (usegerberattributes false)
      (usegerberadvancedattributes false)
      (creategerberjobfile false)
      (excludeedgelayer true)
      (linewidth 0.100000)
      (plotframeref false)
      (viasonmask false)
      (mode 1)
      (useauxorigin false)
      (hpglpennumber 1)
      (hpglpenspeed 20)
      (hpglpendiameter 15)
      (psnegative false)
      (psa4output false)
      (plotreference true)
      (plotvalue true)
      (plotinvisibletext false)
      (padsonsilk false)
      (subtractmaskfromsilk false)
      (outputformat 1)
      (mirror false)
      (drillshape 1)
      (scaleselection 1)
      (outputdirectory ""))
  )

  (net 0 "")
  (net 1 "Net-(C1-Pad1)")
  (net 2 AGND)
  (net 3 +5V)
  (net 4 DGND)
  (net 5 "Net-(C4-Pad1)")
  (net 6 "Net-(C4-Pad2)")
  (net 7 "Net-(C5-Pad2)")
  (net 8 "Net-(C5-Pad1)")
  (net 9 -14V)
  (net 10 "Net-(C7-Pad1)")
  (net 11 "Net-(C7-Pad2)")
  (net 12 "Net-(C8-Pad2)")
  (net 13 "Net-(C8-Pad1)")
  (net 14 +14V)
  (net 15 "Net-(P1-Pad1)")
  (net 16 "Net-(P2-Pad1)")
  (net 17 "Net-(P3-Pad38)")
  (net 18 "Net-(P3-Pad37)")
  (net 19 "Net-(P3-Pad34)")
  (net 20 "Net-(P3-Pad33)")
  (net 21 "Net-(P3-Pad30)")
  (net 22 "Net-(P3-Pad29)")
  (net 23 "Net-(P3-Pad25)")
  (net 24 SDIN)
  (net 25 7VREF)
  (net 26 4VREF)
  (net 27 "Net-(U2-Pad10)")
  (net 28 "Net-(U4-Pad1)")
  (net 29 "Net-(U3-PadA1)")
  (net 30 "Net-(U3-PadB1)")
  (net 31 "Net-(P3-Pad24)")
  (net 32 "Net-(P3-Pad22)")
  (net 33 "Net-(P3-Pad20)")
  (net 34 "Net-(P3-Pad19)")
  (net 35 "Net-(P3-Pad18)")
  (net 36 "Net-(P3-Pad17)")
  (net 37 "Net-(P3-Pad16)")
  (net 38 "Net-(P3-Pad15)")
  (net 39 RANGE2_INF)
  (net 40 "Net-(P3-Pad13)")
  (net 41 RANGE1_INF)
  (net 42 "Net-(P3-Pad11)")
  (net 43 RANGE0_INF)
  (net 44 "Net-(P3-Pad9)")
  (net 45 TEST_INF)
  (net 46 "Net-(P3-Pad7)")
  (net 47 CONV_INF)
  (net 48 DOUT_INF)
  (net 49 DXMIT_INF)
  (net 50 DVALID_INF)
  (net 51 DCLK_INF)

  (net_class Default "This is the default net class."
    (clearance 0.2)
    (trace_width 0.25)
    (via_dia 0.8)
    (via_drill 0.4)
    (uvia_dia 0.3)
    (uvia_drill 0.1)
    (add_net +14V)
    (add_net +5V)
    (add_net -14V)
    (add_net 4VREF)
    (add_net 7VREF)
    (add_net AGND)
    (add_net CONV_INF)
    (add_net DCLK_INF)
    (add_net DGND)
    (add_net DOUT_INF)
    (add_net DVALID_INF)
    (add_net DXMIT_INF)
    (add_net "Net-(C1-Pad1)")
    (add_net "Net-(C4-Pad1)")
    (add_net "Net-(C4-Pad2)")
    (add_net "Net-(C5-Pad1)")
    (add_net "Net-(C5-Pad2)")
    (add_net "Net-(C7-Pad1)")
    (add_net "Net-(C7-Pad2)")
    (add_net "Net-(C8-Pad1)")
    (add_net "Net-(C8-Pad2)")
    (add_net "Net-(P1-Pad1)")
    (add_net "Net-(P2-Pad1)")
    (add_net "Net-(P3-Pad11)")
    (add_net "Net-(P3-Pad13)")
    (add_net "Net-(P3-Pad15)")
    (add_net "Net-(P3-Pad16)")
    (add_net "Net-(P3-Pad17)")
    (add_net "Net-(P3-Pad18)")
    (add_net "Net-(P3-Pad19)")
    (add_net "Net-(P3-Pad20)")
    (add_net "Net-(P3-Pad22)")
    (add_net "Net-(P3-Pad24)")
    (add_net "Net-(P3-Pad25)")
    (add_net "Net-(P3-Pad29)")
    (add_net "Net-(P3-Pad30)")
    (add_net "Net-(P3-Pad33)")
    (add_net "Net-(P3-Pad34)")
    (add_net "Net-(P3-Pad37)")
    (add_net "Net-(P3-Pad38)")
    (add_net "Net-(P3-Pad7)")
    (add_net "Net-(P3-Pad9)")
    (add_net "Net-(U2-Pad10)")
    (add_net "Net-(U3-PadA1)")
    (add_net "Net-(U3-PadB1)")
    (add_net "Net-(U4-Pad1)")
    (add_net RANGE0_INF)
    (add_net RANGE1_INF)
    (add_net RANGE2_INF)
    (add_net SDIN)
    (add_net TEST_INF)
  )

  (module sma:SMA (layer F.Cu) (tedit 5A4F253D) (tstamp 5A5090EE)
    (at 189.865 74.041 270)
    (tags "SMA Connector")
    (path /5A4EFF72)
    (fp_text reference P1 (at 0 5.08 270) (layer F.SilkS)
      (effects (font (thickness 0.3048)))
    )
    (fp_text value BNC (at -0.127 -9.779 270) (layer F.SilkS)
      (effects (font (thickness 0.3048)))
    )
    (fp_line (start 2.65938 -11.65606) (end 2.65938 -12.60094) (layer F.SilkS) (width 0.381))
    (fp_line (start -2.65938 -11.65606) (end -2.65938 -12.60094) (layer F.SilkS) (width 0.381))
    (fp_line (start -2.65938 -3.1496) (end -2.65938 -6.92912) (layer F.SilkS) (width 0.381))
    (fp_line (start 2.65938 -3.1496) (end 2.65938 -6.92912) (layer F.SilkS) (width 0.381))
    (fp_line (start -3.19278 -11.3411) (end 0.2667 -11.65606) (layer F.SilkS) (width 0.381))
    (fp_line (start 3.19278 -7.55904) (end -2.65938 -6.92912) (layer F.SilkS) (width 0.381))
    (fp_line (start -3.19278 -7.55904) (end 3.19278 -8.18896) (layer F.SilkS) (width 0.381))
    (fp_line (start -3.19278 -8.18896) (end 3.19278 -8.81888) (layer F.SilkS) (width 0.381))
    (fp_line (start -3.19278 -8.81888) (end 3.19278 -9.4488) (layer F.SilkS) (width 0.381))
    (fp_line (start -3.19278 -9.4488) (end 3.19278 -10.08126) (layer F.SilkS) (width 0.381))
    (fp_line (start -3.19278 -10.08126) (end 3.19278 -10.71118) (layer F.SilkS) (width 0.381))
    (fp_line (start -3.19278 -10.71118) (end 3.19278 -11.3411) (layer F.SilkS) (width 0.381))
    (fp_line (start -3.19278 -11.3411) (end -2.65938 -11.65606) (layer F.SilkS) (width 0.381))
    (fp_line (start -2.65938 -11.65606) (end 2.65938 -11.65606) (layer F.SilkS) (width 0.381))
    (fp_line (start 2.65938 -11.65606) (end 3.19278 -11.3411) (layer F.SilkS) (width 0.381))
    (fp_line (start 3.19278 -11.3411) (end 3.19278 -7.24408) (layer F.SilkS) (width 0.381))
    (fp_line (start 3.19278 -7.24408) (end 2.65938 -6.92912) (layer F.SilkS) (width 0.381))
    (fp_line (start 2.65938 -6.92912) (end -2.65938 -6.92912) (layer F.SilkS) (width 0.381))
    (fp_line (start -2.65938 -6.92912) (end -3.19278 -7.24408) (layer F.SilkS) (width 0.381))
    (fp_line (start -3.19278 -7.24408) (end -3.19278 -11.3411) (layer F.SilkS) (width 0.381))
    (fp_line (start 2.65938 -12.60094) (end -2.65938 -12.60094) (layer F.SilkS) (width 0.381))
    (fp_line (start -3.1496 -3.1496) (end 3.1496 -3.1496) (layer F.SilkS) (width 0.381))
    (fp_line (start 3.1496 -3.1496) (end 3.1496 3.1496) (layer F.SilkS) (width 0.381))
    (fp_line (start 3.1496 3.1496) (end -3.1496 3.1496) (layer F.SilkS) (width 0.381))
    (fp_line (start -3.1496 3.1496) (end -3.1496 -3.1496) (layer F.SilkS) (width 0.381))
    (pad 1 thru_hole circle (at 0 0 270) (size 1.99898 1.99898) (drill 1.00076) (layers *.Cu *.Mask F.SilkS)
      (net 15 "Net-(P1-Pad1)"))
    (pad 3 thru_hole circle (at 2.70002 -2.70002 270) (size 1.99898 1.99898) (drill 1.00076) (layers *.Cu *.Mask F.SilkS))
    (pad 2 thru_hole circle (at -2.70002 -2.70002 270) (size 1.99898 1.99898) (drill 1.00076) (layers *.Cu *.Mask F.SilkS)
      (net 2 AGND))
    (pad 5 thru_hole circle (at -2.70002 2.70002 270) (size 1.99898 1.99898) (drill 1.00076) (layers *.Cu *.Mask F.SilkS))
    (pad 4 thru_hole circle (at 2.70002 2.70002 270) (size 1.99898 1.99898) (drill 1.00076) (layers *.Cu *.Mask F.SilkS))
    (model connectors/sma.wrl
      (at (xyz 0 0 0))
      (scale (xyz 0.39 0.39 0.39))
      (rotate (xyz -90 0 -90))
    )
  )

  (module Housings_SOIC:SOIC-28W_7.5x17.9mm_Pitch1.27mm (layer F.Cu) (tedit 5A4F2408) (tstamp 5A537609)
    (at 173.99 78.74 270)
    (descr "28-Lead Plastic Small Outline (SO) - Wide, 7.50 mm Body [SOIC] (see Microchip Packaging Specification 00000049BS.pdf)")
    (tags "SOIC 1.27")
    (path /5A4EF5E9)
    (attr smd)
    (fp_text reference U2 (at 0 -10.05 270) (layer F.SilkS)
      (effects (font (size 1 1) (thickness 0.15)))
    )
    (fp_text value ddc112 (at 0 4.318) (layer F.Fab)
      (effects (font (size 1 1) (thickness 0.15)))
    )
    (fp_line (start -3.875 -8.875) (end -5.7 -8.875) (layer F.SilkS) (width 0.15))
    (fp_line (start -3.875 9.125) (end 3.875 9.125) (layer F.SilkS) (width 0.15))
    (fp_line (start -3.875 -9.125) (end 3.875 -9.125) (layer F.SilkS) (width 0.15))
    (fp_line (start -3.875 9.125) (end -3.875 8.78) (layer F.SilkS) (width 0.15))
    (fp_line (start 3.875 9.125) (end 3.875 8.78) (layer F.SilkS) (width 0.15))
    (fp_line (start 3.875 -9.125) (end 3.875 -8.78) (layer F.SilkS) (width 0.15))
    (fp_line (start -3.875 -9.125) (end -3.875 -8.875) (layer F.SilkS) (width 0.15))
    (fp_line (start -5.95 9.3) (end 5.95 9.3) (layer F.CrtYd) (width 0.05))
    (fp_line (start -5.95 -9.3) (end 5.95 -9.3) (layer F.CrtYd) (width 0.05))
    (fp_line (start 5.95 -9.3) (end 5.95 9.3) (layer F.CrtYd) (width 0.05))
    (fp_line (start -5.95 -9.3) (end -5.95 9.3) (layer F.CrtYd) (width 0.05))
    (fp_line (start -3.75 -7.95) (end -2.75 -8.95) (layer F.Fab) (width 0.15))
    (fp_line (start -3.75 8.95) (end -3.75 -7.95) (layer F.Fab) (width 0.15))
    (fp_line (start 3.75 8.95) (end -3.75 8.95) (layer F.Fab) (width 0.15))
    (fp_line (start 3.75 -8.95) (end 3.75 8.95) (layer F.Fab) (width 0.15))
    (fp_line (start -2.75 -8.95) (end 3.75 -8.95) (layer F.Fab) (width 0.15))
    (fp_text user %R (at 0 0) (layer F.Fab)
      (effects (font (size 1 1) (thickness 0.15)))
    )
    (pad 28 smd rect (at 4.7 -8.255 270) (size 2 0.6) (layers F.Cu F.Paste F.Mask)
      (net 16 "Net-(P2-Pad1)"))
    (pad 27 smd rect (at 4.7 -6.985 270) (size 2 0.6) (layers F.Cu F.Paste F.Mask)
      (net 2 AGND))
    (pad 26 smd rect (at 4.7 -5.715 270) (size 2 0.6) (layers F.Cu F.Paste F.Mask)
      (net 13 "Net-(C8-Pad1)"))
    (pad 25 smd rect (at 4.7 -4.445 270) (size 2 0.6) (layers F.Cu F.Paste F.Mask)
      (net 12 "Net-(C8-Pad2)"))
    (pad 24 smd rect (at 4.7 -3.175 270) (size 2 0.6) (layers F.Cu F.Paste F.Mask)
      (net 10 "Net-(C7-Pad1)"))
    (pad 23 smd rect (at 4.7 -1.905 270) (size 2 0.6) (layers F.Cu F.Paste F.Mask)
      (net 11 "Net-(C7-Pad2)"))
    (pad 22 smd rect (at 4.7 -0.635 270) (size 2 0.6) (layers F.Cu F.Paste F.Mask)
      (net 26 4VREF))
    (pad 21 smd rect (at 4.7 0.635 270) (size 2 0.6) (layers F.Cu F.Paste F.Mask)
      (net 2 AGND))
    (pad 20 smd rect (at 4.7 1.905 270) (size 2 0.6) (layers F.Cu F.Paste F.Mask)
      (net 39 RANGE2_INF))
    (pad 19 smd rect (at 4.7 3.175 270) (size 2 0.6) (layers F.Cu F.Paste F.Mask)
      (net 41 RANGE1_INF))
    (pad 18 smd rect (at 4.7 4.445 270) (size 2 0.6) (layers F.Cu F.Paste F.Mask)
      (net 43 RANGE0_INF))
    (pad 17 smd rect (at 4.7 5.715 270) (size 2 0.6) (layers F.Cu F.Paste F.Mask)
      (net 50 DVALID_INF))
    (pad 16 smd rect (at 4.7 6.985 270) (size 2 0.6) (layers F.Cu F.Paste F.Mask)
      (net 48 DOUT_INF))
    (pad 15 smd rect (at 4.7 8.255 270) (size 2 0.6) (layers F.Cu F.Paste F.Mask)
      (net 4 DGND))
    (pad 14 smd rect (at -4.7 8.255 270) (size 2 0.6) (layers F.Cu F.Paste F.Mask)
      (net 3 +5V))
    (pad 13 smd rect (at -4.7 6.985 270) (size 2 0.6) (layers F.Cu F.Paste F.Mask)
      (net 4 DGND))
    (pad 12 smd rect (at -4.7 5.715 270) (size 2 0.6) (layers F.Cu F.Paste F.Mask)
      (net 49 DXMIT_INF))
    (pad 11 smd rect (at -4.7 4.445 270) (size 2 0.6) (layers F.Cu F.Paste F.Mask)
      (net 51 DCLK_INF))
    (pad 10 smd rect (at -4.7 3.175 270) (size 2 0.6) (layers F.Cu F.Paste F.Mask)
      (net 27 "Net-(U2-Pad10)"))
    (pad 9 smd rect (at -4.7 1.905 270) (size 2 0.6) (layers F.Cu F.Paste F.Mask)
      (net 47 CONV_INF))
    (pad 8 smd rect (at -4.7 0.635 270) (size 2 0.6) (layers F.Cu F.Paste F.Mask)
      (net 45 TEST_INF))
    (pad 7 smd rect (at -4.7 -0.635 270) (size 2 0.6) (layers F.Cu F.Paste F.Mask)
      (net 3 +5V))
    (pad 6 smd rect (at -4.7 -1.905 270) (size 2 0.6) (layers F.Cu F.Paste F.Mask)
      (net 5 "Net-(C4-Pad1)"))
    (pad 5 smd rect (at -4.7 -3.175 270) (size 2 0.6) (layers F.Cu F.Paste F.Mask)
      (net 6 "Net-(C4-Pad2)"))
    (pad 4 smd rect (at -4.7 -4.445 270) (size 2 0.6) (layers F.Cu F.Paste F.Mask)
      (net 8 "Net-(C5-Pad1)"))
    (pad 3 smd rect (at -4.7 -5.715 270) (size 2 0.6) (layers F.Cu F.Paste F.Mask)
      (net 7 "Net-(C5-Pad2)"))
    (pad 2 smd rect (at -4.7 -6.985 270) (size 2 0.6) (layers F.Cu F.Paste F.Mask)
      (net 2 AGND))
    (pad 1 smd rect (at -4.7 -8.255 270) (size 2 0.6) (layers F.Cu F.Paste F.Mask)
      (net 15 "Net-(P1-Pad1)"))
    (model ${KISYS3DMOD}/Housings_SOIC.3dshapes/SOIC-28W_7.5x17.9mm_Pitch1.27mm.wrl
      (at (xyz 0 0 0))
      (scale (xyz 1 1 1))
      (rotate (xyz 0 0 0))
    )
  )

  (module stmshieldfull:SMD-1210_Pol (layer F.Cu) (tedit 55F6FC09) (tstamp 5A509042)
    (at 159.988 74.422 180)
    (tags "CMS SM")
    (path /5A4EF6F4)
    (attr smd)
    (fp_text reference C3 (at 4.826 -0.889 180) (layer F.SilkS)
      (effects (font (size 1 1) (thickness 0.15)))
    )
    (fp_text value 10uF (at 0 2.5 180) (layer F.Fab)
      (effects (font (size 1 1) (thickness 0.15)))
    )
    (fp_line (start -3.4 -1.8) (end -3.4 1.8) (layer F.SilkS) (width 0.15))
    (fp_line (start -3.7 1.8) (end -0.8 1.8) (layer F.SilkS) (width 0.15))
    (fp_line (start -3.7 -1.8) (end -0.8 -1.8) (layer F.SilkS) (width 0.15))
    (fp_line (start -3.7 -1.8) (end -3.7 -1.45) (layer F.SilkS) (width 0.15))
    (fp_line (start -3.7 1.8) (end -3.7 1.4) (layer F.SilkS) (width 0.15))
    (fp_line (start 3.4 1.8) (end 3.4 1) (layer F.SilkS) (width 0.15))
    (fp_line (start 3.4 -1.4) (end 3.4 -1.6) (layer F.SilkS) (width 0.15))
    (fp_line (start 3.4 -1.6) (end 3.4 -1.8) (layer F.SilkS) (width 0.15))
    (fp_line (start -3.694 -1.524) (end -3.694 1.524) (layer F.SilkS) (width 0.15))
    (fp_line (start 1.489 1.824) (end 3.394 1.824) (layer F.SilkS) (width 0.15))
    (fp_line (start 3.394 1.524) (end 3.394 -1.524) (layer F.SilkS) (width 0.15))
    (fp_line (start 3.394 -1.824) (end 1.489 -1.824) (layer F.SilkS) (width 0.15))
    (pad 1 smd rect (at -2 0 180) (size 2 2.794) (layers F.Cu F.Paste F.Mask)
      (net 3 +5V))
    (pad 2 smd rect (at 2 0 180) (size 2 2.794) (layers F.Cu F.Paste F.Mask)
      (net 4 DGND))
    (model SMD_Packages.3dshapes/SMD-1210_Pol.wrl
      (at (xyz 0 0 0))
      (scale (xyz 0.2 0.2 0.2))
      (rotate (xyz 0 0 0))
    )
  )

  (module TXCO:TXCO (layer F.Cu) (tedit 5A4F1950) (tstamp 5A5091D8)
    (at 177.8 62.23 180)
    (path /5A4F895C)
    (fp_text reference U4 (at 0 7.62 180) (layer F.SilkS)
      (effects (font (size 1 1) (thickness 0.15)))
    )
    (fp_text value TXCO (at 0 3.4925 180) (layer F.Fab)
      (effects (font (size 1 1) (thickness 0.15)))
    )
    (fp_line (start 10.16 -5.08) (end 10.16 5.08) (layer F.SilkS) (width 0.15))
    (fp_line (start -10.16 5.08) (end -10.16 -5.08) (layer F.SilkS) (width 0.15))
    (fp_line (start 10.16 6.35) (end 10.16 5.08) (layer F.SilkS) (width 0.15))
    (fp_line (start -10.16 6.35) (end 10.16 6.35) (layer F.SilkS) (width 0.15))
    (fp_line (start -10.16 5.08) (end -10.16 6.35) (layer F.SilkS) (width 0.15))
    (fp_line (start 10.16 -6.35) (end 10.16 -5.08) (layer F.SilkS) (width 0.15))
    (fp_line (start -10.16 -6.35) (end 10.16 -6.35) (layer F.SilkS) (width 0.15))
    (fp_line (start -10.16 -5.08) (end -10.16 -6.35) (layer F.SilkS) (width 0.15))
    (fp_line (start -10.16 -6.35) (end -10.16 -5.08) (layer F.SilkS) (width 0.15))
    (pad 8 thru_hole circle (at 7.62 -3.81 180) (size 1.524 1.524) (drill 0.762) (layers *.Cu *.Mask)
      (net 27 "Net-(U2-Pad10)"))
    (pad 7 thru_hole circle (at 7.62 3.81 180) (size 1.524 1.524) (drill 0.762) (layers *.Cu *.Mask)
      (net 2 AGND))
    (pad 1 thru_hole circle (at -7.62 3.81 180) (size 1.524 1.524) (drill 0.762) (layers *.Cu *.Mask)
      (net 28 "Net-(U4-Pad1)"))
    (pad 14 thru_hole circle (at -7.62 -3.81 180) (size 1.524 1.524) (drill 0.762) (layers *.Cu *.Mask)
      (net 3 +5V))
  )

  (module Housings_SOIC:SOIC-8_3.9x4.9mm_Pitch1.27mm (layer F.Cu) (tedit 58CD0CDA) (tstamp 5A536D3B)
    (at 170.942 113.792)
    (descr "8-Lead Plastic Small Outline (SN) - Narrow, 3.90 mm Body [SOIC] (see Microchip Packaging Specification 00000049BS.pdf)")
    (tags "SOIC 1.27")
    (path /5A4FA5BC)
    (attr smd)
    (fp_text reference U1 (at 0 -3.5) (layer F.SilkS)
      (effects (font (size 1 1) (thickness 0.15)))
    )
    (fp_text value AD8675 (at 0 -5.08) (layer F.Fab)
      (effects (font (size 1 1) (thickness 0.15)))
    )
    (fp_line (start -2.075 -2.525) (end -3.475 -2.525) (layer F.SilkS) (width 0.15))
    (fp_line (start -2.075 2.575) (end 2.075 2.575) (layer F.SilkS) (width 0.15))
    (fp_line (start -2.075 -2.575) (end 2.075 -2.575) (layer F.SilkS) (width 0.15))
    (fp_line (start -2.075 2.575) (end -2.075 2.43) (layer F.SilkS) (width 0.15))
    (fp_line (start 2.075 2.575) (end 2.075 2.43) (layer F.SilkS) (width 0.15))
    (fp_line (start 2.075 -2.575) (end 2.075 -2.43) (layer F.SilkS) (width 0.15))
    (fp_line (start -2.075 -2.575) (end -2.075 -2.525) (layer F.SilkS) (width 0.15))
    (fp_line (start -3.73 2.7) (end 3.73 2.7) (layer F.CrtYd) (width 0.05))
    (fp_line (start -3.73 -2.7) (end 3.73 -2.7) (layer F.CrtYd) (width 0.05))
    (fp_line (start 3.73 -2.7) (end 3.73 2.7) (layer F.CrtYd) (width 0.05))
    (fp_line (start -3.73 -2.7) (end -3.73 2.7) (layer F.CrtYd) (width 0.05))
    (fp_line (start -1.95 -1.45) (end -0.95 -2.45) (layer F.Fab) (width 0.1))
    (fp_line (start -1.95 2.45) (end -1.95 -1.45) (layer F.Fab) (width 0.1))
    (fp_line (start 1.95 2.45) (end -1.95 2.45) (layer F.Fab) (width 0.1))
    (fp_line (start 1.95 -2.45) (end 1.95 2.45) (layer F.Fab) (width 0.1))
    (fp_line (start -0.95 -2.45) (end 1.95 -2.45) (layer F.Fab) (width 0.1))
    (fp_text user %R (at 0 0) (layer F.Fab)
      (effects (font (size 1 1) (thickness 0.15)))
    )
    (pad 8 smd rect (at 2.7 -1.905) (size 1.55 0.6) (layers F.Cu F.Paste F.Mask))
    (pad 7 smd rect (at 2.7 -0.635) (size 1.55 0.6) (layers F.Cu F.Paste F.Mask)
      (net 14 +14V))
    (pad 6 smd rect (at 2.7 0.635) (size 1.55 0.6) (layers F.Cu F.Paste F.Mask)
      (net 26 4VREF))
    (pad 5 smd rect (at 2.7 1.905) (size 1.55 0.6) (layers F.Cu F.Paste F.Mask))
    (pad 4 smd rect (at -2.7 1.905) (size 1.55 0.6) (layers F.Cu F.Paste F.Mask)
      (net 9 -14V))
    (pad 3 smd rect (at -2.7 0.635) (size 1.55 0.6) (layers F.Cu F.Paste F.Mask)
      (net 1 "Net-(C1-Pad1)"))
    (pad 2 smd rect (at -2.7 -0.635) (size 1.55 0.6) (layers F.Cu F.Paste F.Mask)
      (net 26 4VREF))
    (pad 1 smd rect (at -2.7 -1.905) (size 1.55 0.6) (layers F.Cu F.Paste F.Mask))
    (model ${KISYS3DMOD}/Housings_SOIC.3dshapes/SOIC-8_3.9x4.9mm_Pitch1.27mm.wrl
      (at (xyz 0 0 0))
      (scale (xyz 1 1 1))
      (rotate (xyz 0 0 0))
    )
  )

  (module sma:SMA (layer F.Cu) (tedit 5A4F312A) (tstamp 5A509110)
    (at 189.865 83.439 270)
    (tags "SMA Connector")
    (path /5A4F0039)
    (fp_text reference P2 (at 0 5.08 270) (layer F.SilkS)
      (effects (font (thickness 0.3048)))
    )
    (fp_text value BNC (at 0.127 -9.525 270) (layer F.SilkS)
      (effects (font (thickness 0.3048)))
    )
    (fp_line (start -3.1496 3.1496) (end -3.1496 -3.1496) (layer F.SilkS) (width 0.381))
    (fp_line (start 3.1496 3.1496) (end -3.1496 3.1496) (layer F.SilkS) (width 0.381))
    (fp_line (start 3.1496 -3.1496) (end 3.1496 3.1496) (layer F.SilkS) (width 0.381))
    (fp_line (start -3.1496 -3.1496) (end 3.1496 -3.1496) (layer F.SilkS) (width 0.381))
    (fp_line (start 2.65938 -12.60094) (end -2.65938 -12.60094) (layer F.SilkS) (width 0.381))
    (fp_line (start -3.19278 -7.24408) (end -3.19278 -11.3411) (layer F.SilkS) (width 0.381))
    (fp_line (start -2.65938 -6.92912) (end -3.19278 -7.24408) (layer F.SilkS) (width 0.381))
    (fp_line (start 2.65938 -6.92912) (end -2.65938 -6.92912) (layer F.SilkS) (width 0.381))
    (fp_line (start 3.19278 -7.24408) (end 2.65938 -6.92912) (layer F.SilkS) (width 0.381))
    (fp_line (start 3.19278 -11.3411) (end 3.19278 -7.24408) (layer F.SilkS) (width 0.381))
    (fp_line (start 2.65938 -11.65606) (end 3.19278 -11.3411) (layer F.SilkS) (width 0.381))
    (fp_line (start -2.65938 -11.65606) (end 2.65938 -11.65606) (layer F.SilkS) (width 0.381))
    (fp_line (start -3.19278 -11.3411) (end -2.65938 -11.65606) (layer F.SilkS) (width 0.381))
    (fp_line (start -3.19278 -10.71118) (end 3.19278 -11.3411) (layer F.SilkS) (width 0.381))
    (fp_line (start -3.19278 -10.08126) (end 3.19278 -10.71118) (layer F.SilkS) (width 0.381))
    (fp_line (start -3.19278 -9.4488) (end 3.19278 -10.08126) (layer F.SilkS) (width 0.381))
    (fp_line (start -3.19278 -8.81888) (end 3.19278 -9.4488) (layer F.SilkS) (width 0.381))
    (fp_line (start -3.19278 -8.18896) (end 3.19278 -8.81888) (layer F.SilkS) (width 0.381))
    (fp_line (start -3.19278 -7.55904) (end 3.19278 -8.18896) (layer F.SilkS) (width 0.381))
    (fp_line (start 3.19278 -7.55904) (end -2.65938 -6.92912) (layer F.SilkS) (width 0.381))
    (fp_line (start -3.19278 -11.3411) (end 0.2667 -11.65606) (layer F.SilkS) (width 0.381))
    (fp_line (start 2.65938 -3.1496) (end 2.65938 -6.92912) (layer F.SilkS) (width 0.381))
    (fp_line (start -2.65938 -3.1496) (end -2.65938 -6.92912) (layer F.SilkS) (width 0.381))
    (fp_line (start -2.65938 -11.65606) (end -2.65938 -12.60094) (layer F.SilkS) (width 0.381))
    (fp_line (start 2.65938 -11.65606) (end 2.65938 -12.60094) (layer F.SilkS) (width 0.381))
    (pad 4 thru_hole circle (at 2.70002 2.70002 270) (size 1.99898 1.99898) (drill 1.00076) (layers *.Cu *.Mask F.SilkS))
    (pad 5 thru_hole circle (at -2.70002 2.70002 270) (size 1.99898 1.99898) (drill 1.00076) (layers *.Cu *.Mask F.SilkS))
    (pad 2 thru_hole circle (at -2.70002 -2.70002 270) (size 1.99898 1.99898) (drill 1.00076) (layers *.Cu *.Mask F.SilkS)
      (net 2 AGND))
    (pad 3 thru_hole circle (at 2.70002 -2.70002 270) (size 1.99898 1.99898) (drill 1.00076) (layers *.Cu *.Mask F.SilkS))
    (pad 1 thru_hole circle (at 0 0 270) (size 1.99898 1.99898) (drill 1.00076) (layers *.Cu *.Mask F.SilkS)
      (net 16 "Net-(P2-Pad1)"))
    (model connectors/sma.wrl
      (at (xyz 0 0 0))
      (scale (xyz 0.39 0.39 0.39))
      (rotate (xyz -90 0 -90))
    )
  )

  (module stmshieldfull:SMD-1210_Pol (layer F.Cu) (tedit 55F6FC09) (tstamp 5A50901E)
    (at 165.83 120.396 180)
    (tags "CMS SM")
    (path /5A4FA695)
    (attr smd)
    (fp_text reference C1 (at 0 -2.5 180) (layer F.SilkS)
      (effects (font (size 1 1) (thickness 0.15)))
    )
    (fp_text value 10uF (at 2.762 -3.048 180) (layer F.Fab)
      (effects (font (size 1 1) (thickness 0.15)))
    )
    (fp_line (start -3.4 -1.8) (end -3.4 1.8) (layer F.SilkS) (width 0.15))
    (fp_line (start -3.7 1.8) (end -0.8 1.8) (layer F.SilkS) (width 0.15))
    (fp_line (start -3.7 -1.8) (end -0.8 -1.8) (layer F.SilkS) (width 0.15))
    (fp_line (start -3.7 -1.8) (end -3.7 -1.45) (layer F.SilkS) (width 0.15))
    (fp_line (start -3.7 1.8) (end -3.7 1.4) (layer F.SilkS) (width 0.15))
    (fp_line (start 3.4 1.8) (end 3.4 1) (layer F.SilkS) (width 0.15))
    (fp_line (start 3.4 -1.4) (end 3.4 -1.6) (layer F.SilkS) (width 0.15))
    (fp_line (start 3.4 -1.6) (end 3.4 -1.8) (layer F.SilkS) (width 0.15))
    (fp_line (start -3.694 -1.524) (end -3.694 1.524) (layer F.SilkS) (width 0.15))
    (fp_line (start 1.489 1.824) (end 3.394 1.824) (layer F.SilkS) (width 0.15))
    (fp_line (start 3.394 1.524) (end 3.394 -1.524) (layer F.SilkS) (width 0.15))
    (fp_line (start 3.394 -1.824) (end 1.489 -1.824) (layer F.SilkS) (width 0.15))
    (pad 1 smd rect (at -2 0 180) (size 2 2.794) (layers F.Cu F.Paste F.Mask)
      (net 1 "Net-(C1-Pad1)"))
    (pad 2 smd rect (at 2 0 180) (size 2 2.794) (layers F.Cu F.Paste F.Mask)
      (net 2 AGND))
    (model SMD_Packages.3dshapes/SMD-1210_Pol.wrl
      (at (xyz 0 0 0))
      (scale (xyz 0.2 0.2 0.2))
      (rotate (xyz 0 0 0))
    )
  )

  (module stmshieldfull:SMD-1210_Pol (layer F.Cu) (tedit 55F6FC09) (tstamp 5A5376D0)
    (at 166.846 70.612 180)
    (tags "CMS SM")
    (path /5A4F09D9)
    (attr smd)
    (fp_text reference C2 (at 3.016 2.54 180) (layer F.SilkS)
      (effects (font (size 1 1) (thickness 0.15)))
    )
    (fp_text value 10uF (at 0 2.5 180) (layer F.Fab)
      (effects (font (size 1 1) (thickness 0.15)))
    )
    (fp_line (start 3.394 -1.824) (end 1.489 -1.824) (layer F.SilkS) (width 0.15))
    (fp_line (start 3.394 1.524) (end 3.394 -1.524) (layer F.SilkS) (width 0.15))
    (fp_line (start 1.489 1.824) (end 3.394 1.824) (layer F.SilkS) (width 0.15))
    (fp_line (start -3.694 -1.524) (end -3.694 1.524) (layer F.SilkS) (width 0.15))
    (fp_line (start 3.4 -1.6) (end 3.4 -1.8) (layer F.SilkS) (width 0.15))
    (fp_line (start 3.4 -1.4) (end 3.4 -1.6) (layer F.SilkS) (width 0.15))
    (fp_line (start 3.4 1.8) (end 3.4 1) (layer F.SilkS) (width 0.15))
    (fp_line (start -3.7 1.8) (end -3.7 1.4) (layer F.SilkS) (width 0.15))
    (fp_line (start -3.7 -1.8) (end -3.7 -1.45) (layer F.SilkS) (width 0.15))
    (fp_line (start -3.7 -1.8) (end -0.8 -1.8) (layer F.SilkS) (width 0.15))
    (fp_line (start -3.7 1.8) (end -0.8 1.8) (layer F.SilkS) (width 0.15))
    (fp_line (start -3.4 -1.8) (end -3.4 1.8) (layer F.SilkS) (width 0.15))
    (pad 2 smd rect (at 2 0 180) (size 2 2.794) (layers F.Cu F.Paste F.Mask)
      (net 2 AGND))
    (pad 1 smd rect (at -2 0 180) (size 2 2.794) (layers F.Cu F.Paste F.Mask)
      (net 3 +5V))
    (model SMD_Packages.3dshapes/SMD-1210_Pol.wrl
      (at (xyz 0 0 0))
      (scale (xyz 0.2 0.2 0.2))
      (rotate (xyz 0 0 0))
    )
  )

  (module Capacitors_SMD:C_1206_HandSoldering (layer F.Cu) (tedit 58AA84D1) (tstamp 5A536AEC)
    (at 174.784 70.612)
    (descr "Capacitor SMD 1206, hand soldering")
    (tags "capacitor 1206")
    (path /5A4F130E)
    (attr smd)
    (fp_text reference C4 (at 0 -1.75) (layer F.SilkS)
      (effects (font (size 1 1) (thickness 0.15)))
    )
    (fp_text value C (at 2 0) (layer F.Fab)
      (effects (font (size 1 1) (thickness 0.15)))
    )
    (fp_text user %R (at 0 -1.75) (layer F.Fab)
      (effects (font (size 1 1) (thickness 0.15)))
    )
    (fp_line (start -1.6 0.8) (end -1.6 -0.8) (layer F.Fab) (width 0.1))
    (fp_line (start 1.6 0.8) (end -1.6 0.8) (layer F.Fab) (width 0.1))
    (fp_line (start 1.6 -0.8) (end 1.6 0.8) (layer F.Fab) (width 0.1))
    (fp_line (start -1.6 -0.8) (end 1.6 -0.8) (layer F.Fab) (width 0.1))
    (fp_line (start 1 -1.02) (end -1 -1.02) (layer F.SilkS) (width 0.12))
    (fp_line (start -1 1.02) (end 1 1.02) (layer F.SilkS) (width 0.12))
    (fp_line (start -3.25 -1.05) (end 3.25 -1.05) (layer F.CrtYd) (width 0.05))
    (fp_line (start -3.25 -1.05) (end -3.25 1.05) (layer F.CrtYd) (width 0.05))
    (fp_line (start 3.25 1.05) (end 3.25 -1.05) (layer F.CrtYd) (width 0.05))
    (fp_line (start 3.25 1.05) (end -3.25 1.05) (layer F.CrtYd) (width 0.05))
    (pad 1 smd rect (at -2 0) (size 2 1.6) (layers F.Cu F.Paste F.Mask)
      (net 5 "Net-(C4-Pad1)"))
    (pad 2 smd rect (at 2 0) (size 2 1.6) (layers F.Cu F.Paste F.Mask)
      (net 6 "Net-(C4-Pad2)"))
    (model Capacitors_SMD.3dshapes/C_1206.wrl
      (at (xyz 0 0 0))
      (scale (xyz 1 1 1))
      (rotate (xyz 0 0 0))
    )
  )

  (module Capacitors_SMD:C_1206_HandSoldering (layer F.Cu) (tedit 58AA84D1) (tstamp 5A509064)
    (at 181.61 70.612)
    (descr "Capacitor SMD 1206, hand soldering")
    (tags "capacitor 1206")
    (path /5A4F15BF)
    (attr smd)
    (fp_text reference C5 (at 0 -1.75) (layer F.SilkS)
      (effects (font (size 1 1) (thickness 0.15)))
    )
    (fp_text value C (at 2.032 0) (layer F.Fab)
      (effects (font (size 1 1) (thickness 0.15)))
    )
    (fp_line (start 3.25 1.05) (end -3.25 1.05) (layer F.CrtYd) (width 0.05))
    (fp_line (start 3.25 1.05) (end 3.25 -1.05) (layer F.CrtYd) (width 0.05))
    (fp_line (start -3.25 -1.05) (end -3.25 1.05) (layer F.CrtYd) (width 0.05))
    (fp_line (start -3.25 -1.05) (end 3.25 -1.05) (layer F.CrtYd) (width 0.05))
    (fp_line (start -1 1.02) (end 1 1.02) (layer F.SilkS) (width 0.12))
    (fp_line (start 1 -1.02) (end -1 -1.02) (layer F.SilkS) (width 0.12))
    (fp_line (start -1.6 -0.8) (end 1.6 -0.8) (layer F.Fab) (width 0.1))
    (fp_line (start 1.6 -0.8) (end 1.6 0.8) (layer F.Fab) (width 0.1))
    (fp_line (start 1.6 0.8) (end -1.6 0.8) (layer F.Fab) (width 0.1))
    (fp_line (start -1.6 0.8) (end -1.6 -0.8) (layer F.Fab) (width 0.1))
    (fp_text user %R (at 0 -1.75) (layer F.Fab)
      (effects (font (size 1 1) (thickness 0.15)))
    )
    (pad 2 smd rect (at 2 0) (size 2 1.6) (layers F.Cu F.Paste F.Mask)
      (net 7 "Net-(C5-Pad2)"))
    (pad 1 smd rect (at -2 0) (size 2 1.6) (layers F.Cu F.Paste F.Mask)
      (net 8 "Net-(C5-Pad1)"))
    (model Capacitors_SMD.3dshapes/C_1206.wrl
      (at (xyz 0 0 0))
      (scale (xyz 1 1 1))
      (rotate (xyz 0 0 0))
    )
  )

  (module stmshieldfull:SMD-1210_Pol (layer F.Cu) (tedit 55F6FC09) (tstamp 5A509076)
    (at 173.196 120.396 180)
    (tags "CMS SM")
    (path /5A4FA65D)
    (attr smd)
    (fp_text reference C6 (at 0 -2.5 180) (layer F.SilkS)
      (effects (font (size 1 1) (thickness 0.15)))
    )
    (fp_text value 10uF (at -3.334 -2.794 180) (layer F.Fab)
      (effects (font (size 1 1) (thickness 0.15)))
    )
    (fp_line (start 3.394 -1.824) (end 1.489 -1.824) (layer F.SilkS) (width 0.15))
    (fp_line (start 3.394 1.524) (end 3.394 -1.524) (layer F.SilkS) (width 0.15))
    (fp_line (start 1.489 1.824) (end 3.394 1.824) (layer F.SilkS) (width 0.15))
    (fp_line (start -3.694 -1.524) (end -3.694 1.524) (layer F.SilkS) (width 0.15))
    (fp_line (start 3.4 -1.6) (end 3.4 -1.8) (layer F.SilkS) (width 0.15))
    (fp_line (start 3.4 -1.4) (end 3.4 -1.6) (layer F.SilkS) (width 0.15))
    (fp_line (start 3.4 1.8) (end 3.4 1) (layer F.SilkS) (width 0.15))
    (fp_line (start -3.7 1.8) (end -3.7 1.4) (layer F.SilkS) (width 0.15))
    (fp_line (start -3.7 -1.8) (end -3.7 -1.45) (layer F.SilkS) (width 0.15))
    (fp_line (start -3.7 -1.8) (end -0.8 -1.8) (layer F.SilkS) (width 0.15))
    (fp_line (start -3.7 1.8) (end -0.8 1.8) (layer F.SilkS) (width 0.15))
    (fp_line (start -3.4 -1.8) (end -3.4 1.8) (layer F.SilkS) (width 0.15))
    (pad 2 smd rect (at 2 0 180) (size 2 2.794) (layers F.Cu F.Paste F.Mask)
      (net 9 -14V))
    (pad 1 smd rect (at -2 0 180) (size 2 2.794) (layers F.Cu F.Paste F.Mask)
      (net 2 AGND))
    (model SMD_Packages.3dshapes/SMD-1210_Pol.wrl
      (at (xyz 0 0 0))
      (scale (xyz 0.2 0.2 0.2))
      (rotate (xyz 0 0 0))
    )
  )

  (module Capacitors_SMD:C_1206_HandSoldering (layer F.Cu) (tedit 58AA84D1) (tstamp 5A509087)
    (at 177.038 88.614 270)
    (descr "Capacitor SMD 1206, hand soldering")
    (tags "capacitor 1206")
    (path /5A4F15F7)
    (attr smd)
    (fp_text reference C7 (at 4.604 -0.508 270) (layer F.SilkS)
      (effects (font (size 1 1) (thickness 0.15)))
    )
    (fp_text value C (at -1.4605 -2.032 270) (layer F.Fab)
      (effects (font (size 1 1) (thickness 0.15)))
    )
    (fp_text user %R (at 4.604 -0.508 270) (layer F.Fab)
      (effects (font (size 1 1) (thickness 0.15)))
    )
    (fp_line (start -1.6 0.8) (end -1.6 -0.8) (layer F.Fab) (width 0.1))
    (fp_line (start 1.6 0.8) (end -1.6 0.8) (layer F.Fab) (width 0.1))
    (fp_line (start 1.6 -0.8) (end 1.6 0.8) (layer F.Fab) (width 0.1))
    (fp_line (start -1.6 -0.8) (end 1.6 -0.8) (layer F.Fab) (width 0.1))
    (fp_line (start 1 -1.02) (end -1 -1.02) (layer F.SilkS) (width 0.12))
    (fp_line (start -1 1.02) (end 1 1.02) (layer F.SilkS) (width 0.12))
    (fp_line (start -3.25 -1.05) (end 3.25 -1.05) (layer F.CrtYd) (width 0.05))
    (fp_line (start -3.25 -1.05) (end -3.25 1.05) (layer F.CrtYd) (width 0.05))
    (fp_line (start 3.25 1.05) (end 3.25 -1.05) (layer F.CrtYd) (width 0.05))
    (fp_line (start 3.25 1.05) (end -3.25 1.05) (layer F.CrtYd) (width 0.05))
    (pad 1 smd rect (at -2 0 270) (size 2 1.6) (layers F.Cu F.Paste F.Mask)
      (net 10 "Net-(C7-Pad1)"))
    (pad 2 smd rect (at 2 0 270) (size 2 1.6) (layers F.Cu F.Paste F.Mask)
      (net 11 "Net-(C7-Pad2)"))
    (model Capacitors_SMD.3dshapes/C_1206.wrl
      (at (xyz 0 0 0))
      (scale (xyz 1 1 1))
      (rotate (xyz 0 0 0))
    )
  )

  (module Capacitors_SMD:C_1206_HandSoldering (layer F.Cu) (tedit 58AA84D1) (tstamp 5A509098)
    (at 181.61 86.868 180)
    (descr "Capacitor SMD 1206, hand soldering")
    (tags "capacitor 1206")
    (path /5A4F165F)
    (attr smd)
    (fp_text reference C8 (at 0 -1.75 180) (layer F.SilkS)
      (effects (font (size 1 1) (thickness 0.15)))
    )
    (fp_text value C (at -2.032 -0.254 180) (layer F.Fab)
      (effects (font (size 1 1) (thickness 0.15)))
    )
    (fp_line (start 3.25 1.05) (end -3.25 1.05) (layer F.CrtYd) (width 0.05))
    (fp_line (start 3.25 1.05) (end 3.25 -1.05) (layer F.CrtYd) (width 0.05))
    (fp_line (start -3.25 -1.05) (end -3.25 1.05) (layer F.CrtYd) (width 0.05))
    (fp_line (start -3.25 -1.05) (end 3.25 -1.05) (layer F.CrtYd) (width 0.05))
    (fp_line (start -1 1.02) (end 1 1.02) (layer F.SilkS) (width 0.12))
    (fp_line (start 1 -1.02) (end -1 -1.02) (layer F.SilkS) (width 0.12))
    (fp_line (start -1.6 -0.8) (end 1.6 -0.8) (layer F.Fab) (width 0.1))
    (fp_line (start 1.6 -0.8) (end 1.6 0.8) (layer F.Fab) (width 0.1))
    (fp_line (start 1.6 0.8) (end -1.6 0.8) (layer F.Fab) (width 0.1))
    (fp_line (start -1.6 0.8) (end -1.6 -0.8) (layer F.Fab) (width 0.1))
    (fp_text user %R (at 0 -1.75 180) (layer F.Fab)
      (effects (font (size 1 1) (thickness 0.15)))
    )
    (pad 2 smd rect (at 2 0 180) (size 2 1.6) (layers F.Cu F.Paste F.Mask)
      (net 12 "Net-(C8-Pad2)"))
    (pad 1 smd rect (at -2 0 180) (size 2 1.6) (layers F.Cu F.Paste F.Mask)
      (net 13 "Net-(C8-Pad1)"))
    (model Capacitors_SMD.3dshapes/C_1206.wrl
      (at (xyz 0 0 0))
      (scale (xyz 1 1 1))
      (rotate (xyz 0 0 0))
    )
  )

  (module stmshieldfull:SMD-1210_Pol (layer F.Cu) (tedit 55F6FC09) (tstamp 5A5090AA)
    (at 179.578 110.236 90)
    (tags "CMS SM")
    (path /5A4FA656)
    (attr smd)
    (fp_text reference C9 (at 4.572 2.032 180) (layer F.SilkS)
      (effects (font (size 1 1) (thickness 0.15)))
    )
    (fp_text value 10uF (at 0 2.5 90) (layer F.Fab)
      (effects (font (size 1 1) (thickness 0.15)))
    )
    (fp_line (start -3.4 -1.8) (end -3.4 1.8) (layer F.SilkS) (width 0.15))
    (fp_line (start -3.7 1.8) (end -0.8 1.8) (layer F.SilkS) (width 0.15))
    (fp_line (start -3.7 -1.8) (end -0.8 -1.8) (layer F.SilkS) (width 0.15))
    (fp_line (start -3.7 -1.8) (end -3.7 -1.45) (layer F.SilkS) (width 0.15))
    (fp_line (start -3.7 1.8) (end -3.7 1.4) (layer F.SilkS) (width 0.15))
    (fp_line (start 3.4 1.8) (end 3.4 1) (layer F.SilkS) (width 0.15))
    (fp_line (start 3.4 -1.4) (end 3.4 -1.6) (layer F.SilkS) (width 0.15))
    (fp_line (start 3.4 -1.6) (end 3.4 -1.8) (layer F.SilkS) (width 0.15))
    (fp_line (start -3.694 -1.524) (end -3.694 1.524) (layer F.SilkS) (width 0.15))
    (fp_line (start 1.489 1.824) (end 3.394 1.824) (layer F.SilkS) (width 0.15))
    (fp_line (start 3.394 1.524) (end 3.394 -1.524) (layer F.SilkS) (width 0.15))
    (fp_line (start 3.394 -1.824) (end 1.489 -1.824) (layer F.SilkS) (width 0.15))
    (pad 1 smd rect (at -2 0 90) (size 2 2.794) (layers F.Cu F.Paste F.Mask)
      (net 14 +14V))
    (pad 2 smd rect (at 2 0 90) (size 2 2.794) (layers F.Cu F.Paste F.Mask)
      (net 2 AGND))
    (model SMD_Packages.3dshapes/SMD-1210_Pol.wrl
      (at (xyz 0 0 0))
      (scale (xyz 0.2 0.2 0.2))
      (rotate (xyz 0 0 0))
    )
  )

  (module Capacitors_SMD:C_0805_HandSoldering (layer F.Cu) (tedit 58AA84A8) (tstamp 5A5090BB)
    (at 172.232 117.602)
    (descr "Capacitor SMD 0805, hand soldering")
    (tags "capacitor 0805")
    (path /5A4FA643)
    (attr smd)
    (fp_text reference C10 (at -4.084 0) (layer F.SilkS)
      (effects (font (size 1 1) (thickness 0.15)))
    )
    (fp_text value 0.1uF (at 4.806 0) (layer F.Fab)
      (effects (font (size 1 1) (thickness 0.15)))
    )
    (fp_text user %R (at -4.084 0) (layer F.Fab)
      (effects (font (size 1 1) (thickness 0.15)))
    )
    (fp_line (start -1 0.62) (end -1 -0.62) (layer F.Fab) (width 0.1))
    (fp_line (start 1 0.62) (end -1 0.62) (layer F.Fab) (width 0.1))
    (fp_line (start 1 -0.62) (end 1 0.62) (layer F.Fab) (width 0.1))
    (fp_line (start -1 -0.62) (end 1 -0.62) (layer F.Fab) (width 0.1))
    (fp_line (start 0.5 -0.85) (end -0.5 -0.85) (layer F.SilkS) (width 0.12))
    (fp_line (start -0.5 0.85) (end 0.5 0.85) (layer F.SilkS) (width 0.12))
    (fp_line (start -2.25 -0.88) (end 2.25 -0.88) (layer F.CrtYd) (width 0.05))
    (fp_line (start -2.25 -0.88) (end -2.25 0.87) (layer F.CrtYd) (width 0.05))
    (fp_line (start 2.25 0.87) (end 2.25 -0.88) (layer F.CrtYd) (width 0.05))
    (fp_line (start 2.25 0.87) (end -2.25 0.87) (layer F.CrtYd) (width 0.05))
    (pad 1 smd rect (at -1.25 0) (size 1.5 1.25) (layers F.Cu F.Paste F.Mask)
      (net 9 -14V))
    (pad 2 smd rect (at 1.25 0) (size 1.5 1.25) (layers F.Cu F.Paste F.Mask)
      (net 2 AGND))
    (model Capacitors_SMD.3dshapes/C_0805.wrl
      (at (xyz 0 0 0))
      (scale (xyz 1 1 1))
      (rotate (xyz 0 0 0))
    )
  )

  (module Capacitors_SMD:C_0805_HandSoldering (layer F.Cu) (tedit 58AA84A8) (tstamp 5A5090CC)
    (at 176.276 111.526 90)
    (descr "Capacitor SMD 0805, hand soldering")
    (tags "capacitor 0805")
    (path /5A4FA63C)
    (attr smd)
    (fp_text reference C11 (at 3.068 -0.762 180) (layer F.SilkS)
      (effects (font (size 1 1) (thickness 0.15)))
    )
    (fp_text value 0.1uF (at -3.536 1.016 180) (layer F.Fab)
      (effects (font (size 1 1) (thickness 0.15)))
    )
    (fp_line (start 2.25 0.87) (end -2.25 0.87) (layer F.CrtYd) (width 0.05))
    (fp_line (start 2.25 0.87) (end 2.25 -0.88) (layer F.CrtYd) (width 0.05))
    (fp_line (start -2.25 -0.88) (end -2.25 0.87) (layer F.CrtYd) (width 0.05))
    (fp_line (start -2.25 -0.88) (end 2.25 -0.88) (layer F.CrtYd) (width 0.05))
    (fp_line (start -0.5 0.85) (end 0.5 0.85) (layer F.SilkS) (width 0.12))
    (fp_line (start 0.5 -0.85) (end -0.5 -0.85) (layer F.SilkS) (width 0.12))
    (fp_line (start -1 -0.62) (end 1 -0.62) (layer F.Fab) (width 0.1))
    (fp_line (start 1 -0.62) (end 1 0.62) (layer F.Fab) (width 0.1))
    (fp_line (start 1 0.62) (end -1 0.62) (layer F.Fab) (width 0.1))
    (fp_line (start -1 0.62) (end -1 -0.62) (layer F.Fab) (width 0.1))
    (fp_text user %R (at 3.068 -0.762 180) (layer F.Fab)
      (effects (font (size 1 1) (thickness 0.15)))
    )
    (pad 2 smd rect (at 1.25 0 90) (size 1.5 1.25) (layers F.Cu F.Paste F.Mask)
      (net 2 AGND))
    (pad 1 smd rect (at -1.25 0 90) (size 1.5 1.25) (layers F.Cu F.Paste F.Mask)
      (net 14 +14V))
    (model Capacitors_SMD.3dshapes/C_0805.wrl
      (at (xyz 0 0 0))
      (scale (xyz 1 1 1))
      (rotate (xyz 0 0 0))
    )
  )

  (module Connectors_IDC:IDC-Header_2x20_Pitch2.54mm_Straight (layer F.Cu) (tedit 59DE12BE) (tstamp 5A509156)
    (at 108.115001 64.7115)
    (descr "40 pins through hole IDC header")
    (tags "IDC header socket VASCH")
    (path /5A4F4FE9)
